#                  N = 10.00                    
#          r [Å]            ρ(r)           Δρ(r)
  0.00000000E+00  0.00000000E+00  0.00000000E+00
  4.00000000E-02  0.00000000E+00  0.00000000E+00
  8.00000000E-02  0.00000000E+00  0.00000000E+00
  1.20000000E-01  0.00000000E+00  0.00000000E+00
  1.60000000E-01  0.00000000E+00  0.00000000E+00
  2.00000000E-01  0.00000000E+00  0.00000000E+00
  2.40000000E-01  0.00000000E+00  0.00000000E+00
  2.80000000E-01  0.00000000E+00  0.00000000E+00
  3.20000000E-01  0.00000000E+00  0.00000000E+00
  3.60000000E-01  0.00000000E+00  0.00000000E+00
  4.00000000E-01  1.51576136E-10  1.54191219E-10
  4.40000000E-01  0.00000000E+00  0.00000000E+00
  4.80000000E-01  0.00000000E+00  0.00000000E+00
  5.20000000E-01  0.00000000E+00  0.00000000E+00
  5.60000000E-01  0.00000000E+00  0.00000000E+00
  6.00000000E-01  1.02680608E-10  1.04452116E-10
  6.40000000E-01  4.82287707E-10  3.50291404E-10
  6.80000000E-01  3.63782727E-10  3.70058926E-10
  7.20000000E-01  1.72059398E-10  1.75027871E-10
  7.60000000E-01  1.63235839E-10  1.16160725E-10
  8.00000000E-01  2.32909673E-10  1.75086290E-10
  8.40000000E-01  1.48051110E-10  1.05355076E-10
  8.80000000E-01  3.53677652E-10  2.12204705E-10
  9.20000000E-01  2.70902030E-10  1.65891554E-10
  9.60000000E-01  3.89767209E-10  2.05422686E-10
  1.00000000E+00  8.11378141E-10  3.47497057E-10
  1.04000000E+00  5.40526221E-10  2.47622750E-10
  1.08000000E+00  6.36619774E-10  2.24139151E-10
  1.12000000E+00  1.00518911E-09  3.70414340E-10
  1.16000000E+00  6.47409936E-10  2.65988299E-10
  1.20000000E+00  9.39275074E-10  3.52788036E-10
  1.24000000E+00  1.31365985E-09  3.91347811E-10
  1.28000000E+00  1.32221030E-09  3.82452855E-10
  1.32000000E+00  1.99537541E-09  5.33341059E-10
  1.36000000E+00  1.98367031E-09  5.03202681E-10
  1.40000000E+00  3.13826648E-09  6.33951072E-10
  1.44000000E+00  4.22959712E-09  6.56829035E-10
  1.48000000E+00  4.62610368E-09  7.24733491E-10
  1.52000000E+00  6.36619773E-09  8.87652013E-10
  1.56000000E+00  8.98520312E-09  1.14631982E-09
  1.60000000E+00  9.74578416E-09  1.06050586E-09
  1.64000000E+00  1.11600213E-08  1.06393930E-09
  1.68000000E+00  1.27698437E-08  1.23286464E-09
  1.72000000E+00  1.60984310E-08  1.35331403E-09
  1.76000000E+00  2.16021541E-08  1.71883408E-09
  1.80000000E+00  2.53248744E-08  1.86419019E-09
  1.84000000E+00  2.90586122E-08  1.95642649E-09
  1.88000000E+00  3.71249846E-08  2.20590144E-09
  1.92000000E+00  4.12490234E-08  2.18795362E-09
  1.96000000E+00  4.82609232E-08  2.42359538E-09
  2.00000000E+00  6.45129046E-08  2.90569518E-09
  2.04000000E+00  7.22223499E-08  2.78764671E-09
  2.08000000E+00  8.54283104E-08  2.97079476E-09
  2.12000000E+00  1.01918661E-07  3.45325294E-09
  2.16000000E+00  1.23586004E-07  4.16674022E-09
  2.20000000E+00  1.55971844E-07  4.38797747E-09
  2.24000000E+00  1.81549311E-07  4.72418156E-09
  2.28000000E+00  2.13738169E-07  4.88661141E-09
  2.32000000E+00  2.66373684E-07  5.72723516E-09
  2.36000000E+00  3.14458069E-07  5.94919737E-09
  2.40000000E+00  3.78762458E-07  7.09060842E-09
  2.44000000E+00  4.60022483E-07  7.62584547E-09
  2.48000000E+00  5.45735934E-07  7.82226251E-09
  2.52000000E+00  6.67448210E-07  9.18732634E-09
  2.56000000E+00  7.79982598E-07  9.63405014E-09
  2.60000000E+00  9.55780105E-07  1.21953176E-08
  2.64000000E+00  1.14407274E-06  1.28021665E-08
  2.68000000E+00  1.37646626E-06  1.38644065E-08
  2.72000000E+00  1.64152641E-06  1.47840973E-08
  2.76000000E+00  1.96463610E-06  1.82343570E-08
  2.80000000E+00  2.36161103E-06  2.24893206E-08
  2.84000000E+00  2.82924066E-06  2.13251635E-08
  2.88000000E+00  3.38986857E-06  2.57257991E-08
  2.92000000E+00  4.05734671E-06  2.56091680E-08
  2.96000000E+00  4.85080767E-06  2.85270995E-08
  3.00000000E+00  5.76876590E-06  3.22439156E-08
  3.04000000E+00  6.88624950E-06  3.56724095E-08
  3.08000000E+00  8.18939461E-06  4.08813592E-08
  3.12000000E+00  9.71676407E-06  4.42951162E-08
  3.16000000E+00  1.15671610E-05  5.01405245E-08
  3.20000000E+00  1.37301882E-05  5.53718758E-08
  3.24000000E+00  1.62469662E-05  6.99527962E-08
  3.28000000E+00  1.93025237E-05  7.86443603E-08
  3.32000000E+00  2.28306718E-05  8.95525482E-08
  3.36000000E+00  2.70384095E-05  9.05418631E-08
  3.40000000E+00  3.19514996E-05  1.02546767E-07
  3.44000000E+00  3.77268973E-05  1.15913322E-07
  3.48000000E+00  4.44640896E-05  1.32241979E-07
  3.52000000E+00  5.23162440E-05  1.55502927E-07
  3.56000000E+00  6.15901711E-05  1.83936167E-07
  3.60000000E+00  7.21813215E-05  2.00478424E-07
  3.64000000E+00  8.46528444E-05  2.39516024E-07
  3.68000000E+00  9.90629919E-05  2.65503580E-07
  3.72000000E+00  1.15851777E-04  3.08255757E-07
  3.76000000E+00  1.35168137E-04  3.51396153E-07
  3.80000000E+00  1.57235951E-04  4.06988094E-07
  3.84000000E+00  1.82688863E-04  4.66060149E-07
  3.88000000E+00  2.12246029E-04  5.42120085E-07
  3.92000000E+00  2.45446200E-04  6.23980075E-07
  3.96000000E+00  2.83800952E-04  7.08123210E-07
  4.00000000E+00  3.27157808E-04  8.21382405E-07
  4.04000000E+00  3.76361189E-04  9.41624981E-07
  4.08000000E+00  4.31842467E-04  1.07648028E-06
  4.12000000E+00  4.94093876E-04  1.23445050E-06
  4.16000000E+00  5.63781591E-04  1.40020367E-06
  4.20000000E+00  6.41881918E-04  1.60358533E-06
  4.24000000E+00  7.28218060E-04  1.82811066E-06
  4.28000000E+00  8.24058281E-04  2.07500946E-06
  4.32000000E+00  9.29938929E-04  2.33501293E-06
  4.36000000E+00  1.04483517E-03  2.60577315E-06
  4.40000000E+00  1.17092413E-03  2.94989634E-06
  4.44000000E+00  1.30686183E-03  3.29160544E-06
  4.48000000E+00  1.45326539E-03  3.66124685E-06
  4.52000000E+00  1.61019922E-03  4.07250222E-06
  4.56000000E+00  1.77602613E-03  4.52066545E-06
  4.60000000E+00  1.94984907E-03  4.95586841E-06
  4.64000000E+00  2.13097056E-03  5.46681672E-06
  4.68000000E+00  2.31704078E-03  5.93383948E-06
  4.72000000E+00  2.50638594E-03  6.45217329E-06
  4.76000000E+00  2.69645194E-03  6.96602762E-06
  4.80000000E+00  2.88279418E-03  7.43483169E-06
  4.84000000E+00  3.06483495E-03  7.99447765E-06
  4.88000000E+00  3.23669992E-03  8.44275281E-06
  4.92000000E+00  3.39325149E-03  8.88123625E-06
  4.96000000E+00  3.53189372E-03  9.30770805E-06
  5.00000000E+00  3.64719402E-03  9.63382335E-06
  5.04000000E+00  3.73414711E-03  9.85356134E-06
  5.08000000E+00  3.79026351E-03  1.00582059E-05
  5.12000000E+00  3.81029007E-03  1.01360193E-05
  5.16000000E+00  3.79234150E-03  1.01271166E-05
  5.20000000E+00  3.73398566E-03  9.99249250E-06
  5.24000000E+00  3.63316318E-03  9.74734327E-06
  5.28000000E+00  3.49216598E-03  9.38909366E-06
  5.32000000E+00  3.31234264E-03  8.92852064E-06
  5.36000000E+00  3.09812164E-03  8.36744385E-06
  5.40000000E+00  2.85280965E-03  7.72919411E-06
  5.44000000E+00  2.58469667E-03  6.99287642E-06
  5.48000000E+00  2.29994949E-03  6.26712901E-06
  5.52000000E+00  2.00708881E-03  5.43855823E-06
  5.56000000E+00  1.71638308E-03  4.65304118E-06
  5.60000000E+00  1.43498789E-03  3.87004816E-06
  5.64000000E+00  1.17103027E-03  3.17742554E-06
  5.68000000E+00  9.30030186E-04  2.53313953E-06
  5.72000000E+00  7.18304677E-04  1.95222007E-06
  5.76000000E+00  5.36924830E-04  1.45723924E-06
  5.80000000E+00  3.88261382E-04  1.07347927E-06
  5.84000000E+00  2.69996062E-04  7.53352434E-07
  5.88000000E+00  1.80499347E-04  5.03345177E-07
  5.92000000E+00  1.15098111E-04  3.23224896E-07
  5.96000000E+00  6.97823524E-05  2.05583206E-07
  6.00000000E+00  4.00092473E-05  1.24120577E-07
  6.04000000E+00  2.15791727E-05  7.14651876E-08
  6.08000000E+00  1.09233099E-05  4.32987908E-08
  6.12000000E+00  5.06817770E-06  2.47148398E-08
  6.16000000E+00  2.17746625E-06  1.46857095E-08
  6.20000000E+00  8.49314234E-07  9.05531394E-09
  6.24000000E+00  2.99729945E-07  5.01371388E-09
  6.28000000E+00  9.11477834E-08  3.04255858E-09
  6.32000000E+00  2.25528077E-08  1.30046246E-09
  6.36000000E+00  5.51803659E-09  6.90661339E-10
  6.40000000E+00  1.55684275E-09  4.17104996E-10
  6.44000000E+00  1.77386314E-10  9.75563707E-11
  6.48000000E+00  1.95883007E-11  1.99262499E-11
  6.52000000E+00  0.00000000E+00  0.00000000E+00
  6.56000000E+00  0.00000000E+00  0.00000000E+00
  6.60000000E+00  0.00000000E+00  0.00000000E+00
  6.64000000E+00  0.00000000E+00  0.00000000E+00
  6.68000000E+00  0.00000000E+00  0.00000000E+00
  6.72000000E+00  0.00000000E+00  0.00000000E+00
  6.76000000E+00  0.00000000E+00  0.00000000E+00
  6.80000000E+00  0.00000000E+00  0.00000000E+00
  6.84000000E+00  0.00000000E+00  0.00000000E+00
  6.88000000E+00  0.00000000E+00  0.00000000E+00
  6.92000000E+00  0.00000000E+00  0.00000000E+00
  6.96000000E+00  0.00000000E+00  0.00000000E+00
  7.00000000E+00  0.00000000E+00  0.00000000E+00
  7.04000000E+00  0.00000000E+00  0.00000000E+00
  7.08000000E+00  0.00000000E+00  0.00000000E+00
  7.12000000E+00  0.00000000E+00  0.00000000E+00
  7.16000000E+00  0.00000000E+00  0.00000000E+00
  7.20000000E+00  0.00000000E+00  0.00000000E+00
  7.24000000E+00  0.00000000E+00  0.00000000E+00
  7.28000000E+00  0.00000000E+00  0.00000000E+00
  7.32000000E+00  0.00000000E+00  0.00000000E+00
  7.36000000E+00  0.00000000E+00  0.00000000E+00
  7.40000000E+00  0.00000000E+00  0.00000000E+00
  7.44000000E+00  0.00000000E+00  0.00000000E+00
  7.48000000E+00  0.00000000E+00  0.00000000E+00
  7.52000000E+00  0.00000000E+00  0.00000000E+00
  7.56000000E+00  0.00000000E+00  0.00000000E+00
  7.60000000E+00  0.00000000E+00  0.00000000E+00
  7.64000000E+00  0.00000000E+00  0.00000000E+00
  7.68000000E+00  0.00000000E+00  0.00000000E+00
  7.72000000E+00  0.00000000E+00  0.00000000E+00
  7.76000000E+00  0.00000000E+00  0.00000000E+00
  7.80000000E+00  0.00000000E+00  0.00000000E+00
  7.84000000E+00  0.00000000E+00  0.00000000E+00
  7.88000000E+00  0.00000000E+00  0.00000000E+00
  7.92000000E+00  0.00000000E+00  0.00000000E+00
  7.96000000E+00  0.00000000E+00  0.00000000E+00
