#                  N = 80.00                                       N = 80.00                                       N = 70.00                                       N = 60.00                                       N = 50.00                                       N = 50.00                                       N = 40.00                                       N = 30.00                                       N = 20.00                                       N = 10.00                    
#          r [Å]            ρ(r)           Δρ(r)           r [Å]            ρ(r)           Δρ(r)           r [Å]            ρ(r)           Δρ(r)           r [Å]            ρ(r)           Δρ(r)           r [Å]            ρ(r)           Δρ(r)           r [Å]            ρ(r)           Δρ(r)           r [Å]            ρ(r)           Δρ(r)           r [Å]            ρ(r)           Δρ(r)           r [Å]            ρ(r)           Δρ(r)           r [Å]            ρ(r)           Δρ(r)
  0.00000000E+00  1.84682646E-04  5.22982684E-05  0.00000000E+00  1.76760708E-04  6.57386741E-05  0.00000000E+00  9.28766475E-04  1.53716510E-04  0.00000000E+00  1.17504554E-03  1.80805603E-04  0.00000000E+00  5.32316404E-03  4.52777532E-04  0.00000000E+00  2.59149772E-02  1.06996127E-03  0.00000000E+00  3.78308652E-02  5.56059646E-04  0.00000000E+00  6.40517949E-03  1.37369509E-04  0.00000000E+00  3.53323973E-07  4.29962824E-08  0.00000000E+00  2.86478897E-08  1.02702562E-08
  4.00000000E-02  2.18901059E-04  4.53254953E-05  4.00000000E-02  1.73870355E-04  4.68995142E-05  4.00000000E-02  9.29261788E-04  1.37621504E-04  4.00000000E-02  1.19488129E-03  1.60076142E-04  4.00000000E-02  5.59324244E-03  4.99474931E-04  4.00000000E-02  2.66854756E-02  1.03062169E-03  4.00000000E-02  3.78628877E-02  4.72341928E-04  4.00000000E-02  6.31106424E-03  1.29830384E-04  4.00000000E-02  3.88338061E-07  3.37240240E-08  4.00000000E-02  2.65258238E-08  8.01022399E-09
  8.00000000E-02  2.27002980E-04  4.35423177E-05  8.00000000E-02  2.26408379E-04  4.79536672E-05  8.00000000E-02  9.50896389E-04  1.16831583E-04  8.00000000E-02  1.22733127E-03  1.25141266E-04  8.00000000E-02  5.57125890E-03  4.47202994E-04  8.00000000E-02  2.63822893E-02  9.78542916E-04  8.00000000E-02  3.77896564E-02  4.38902333E-04  8.00000000E-02  6.29658460E-03  1.23478497E-04  8.00000000E-02  3.59690171E-07  2.91617304E-08  8.00000000E-02  3.37408479E-08  7.41817335E-09
  1.20000000E-01  2.87044067E-04  4.80423661E-05  1.20000000E-01  2.58081180E-04  5.09898615E-05  1.20000000E-01  1.02043997E-03  1.37933594E-04  1.20000000E-01  1.42491170E-03  1.51866971E-04  1.20000000E-01  5.82193488E-03  4.91531498E-04  1.20000000E-01  2.65000723E-02  9.96868813E-04  1.20000000E-01  3.77753222E-02  4.58308927E-04  1.20000000E-01  6.28097634E-03  1.19850426E-04  1.20000000E-01  3.95158988E-07  2.44637019E-08  1.20000000E-01  2.54647909E-08  5.02201898E-09
  1.60000000E-01  3.16831188E-04  4.82242770E-05  1.60000000E-01  3.20275847E-04  5.75661166E-05  1.60000000E-01  1.16682373E-03  1.25598400E-04  1.60000000E-01  1.55075771E-03  1.51355036E-04  1.60000000E-01  5.95338672E-03  4.57776654E-04  1.60000000E-01  2.67029236E-02  9.69214248E-04  1.60000000E-01  3.76384165E-02  4.14006812E-04  1.60000000E-01  6.26272179E-03  1.20451267E-04  1.60000000E-01  4.12388141E-07  2.22239169E-08  1.60000000E-01  2.72331791E-08  4.65112924E-09
  2.00000000E-01  3.87133497E-04  4.85348383E-05  2.00000000E-01  4.34793952E-04  7.85299083E-05  2.00000000E-01  1.23846948E-03  1.22527464E-04  2.00000000E-01  1.70339783E-03  1.64897690E-04  2.00000000E-01  6.46039723E-03  4.58196660E-04  2.00000000E-01  2.66098410E-02  9.57863993E-04  2.00000000E-01  3.73063682E-02  4.12115370E-04  2.00000000E-01  6.23953846E-03  1.17316555E-04  2.00000000E-01  3.97887358E-07  2.18600661E-08  2.00000000E-01  2.54647909E-08  4.23495797E-09
  2.40000000E-01  4.86808546E-04  5.72350261E-05  2.40000000E-01  5.21863445E-04  7.89731306E-05  2.40000000E-01  1.46631396E-03  1.35238377E-04  2.40000000E-01  1.86149457E-03  1.66529762E-04  2.40000000E-01  6.72214515E-03  4.77108656E-04  2.40000000E-01  2.69479488E-02  9.58861770E-04  2.40000000E-01  3.71484053E-02  3.94770661E-04  2.40000000E-01  6.24020906E-03  1.19266413E-04  2.40000000E-01  4.22862441E-07  2.13199135E-08  2.40000000E-01  2.86478898E-08  4.58515104E-09
  2.80000000E-01  5.48910135E-04  5.28788115E-05  2.80000000E-01  6.50052102E-04  9.26647688E-05  2.80000000E-01  1.61953466E-03  1.36710244E-04  2.80000000E-01  2.19166454E-03  1.79176486E-04  2.80000000E-01  7.07632245E-03  4.55989832E-04  2.80000000E-01  2.71025753E-02  8.99559688E-04  2.80000000E-01  3.69107789E-02  3.64863287E-04  2.80000000E-01  6.20729425E-03  1.16785181E-04  2.80000000E-01  4.39055436E-07  1.98026714E-08  2.80000000E-01  3.26798150E-08  5.02639126E-09
  3.20000000E-01  7.36634707E-04  5.70126444E-05  3.20000000E-01  8.16913007E-04  1.06300596E-04  3.20000000E-01  1.91545657E-03  1.47003656E-04  3.20000000E-01  2.48167292E-03  2.02027766E-04  3.20000000E-01  7.67626495E-03  4.60174862E-04  3.20000000E-01  2.73494465E-02  8.84921873E-04  3.20000000E-01  3.67981859E-02  3.89906517E-04  3.20000000E-01  6.15182128E-03  1.14162876E-04  3.20000000E-01  4.49753145E-07  1.82407814E-08  3.20000000E-01  3.25799531E-08  4.44336779E-09
  3.60000000E-01  8.84561326E-04  6.12849091E-05  3.60000000E-01  9.91516470E-04  1.12163364E-04  3.60000000E-01  2.20731295E-03  1.57715711E-04  3.60000000E-01  2.92222553E-03  2.11579091E-04  3.60000000E-01  8.30026336E-03  4.47047230E-04  3.60000000E-01  2.76007274E-02  8.61272084E-04  3.60000000E-01  3.64690376E-02  3.47125216E-04  3.60000000E-01  6.09168244E-03  1.11873563E-04  3.60000000E-01  4.77297297E-07  1.82809482E-08  3.60000000E-01  3.45114929E-08  4.77132377E-09
  4.00000000E-01  1.13365814E-03  7.25942526E-05  4.00000000E-01  1.19683212E-03  1.18518371E-04  4.00000000E-01  2.68241999E-03  1.72001589E-04  4.00000000E-01  3.39310595E-03  2.33210473E-04  4.00000000E-01  8.98254317E-03  4.59757528E-04  4.00000000E-01  2.78790022E-02  8.15606207E-04  4.00000000E-01  3.61491927E-02  3.28494773E-04  4.00000000E-01  6.05889003E-03  1.10989391E-04  4.00000000E-01  5.03535925E-07  1.82979221E-08  4.00000000E-01  3.33467500E-08  4.30650259E-09
  4.40000000E-01  1.36690775E-03  7.45805191E-05  4.40000000E-01  1.48091192E-03  1.29586166E-04  4.40000000E-01  3.08711950E-03  1.81459098E-04  4.40000000E-01  4.01097491E-03  2.71954098E-04  4.40000000E-01  9.72022225E-03  4.46945240E-04  4.40000000E-01  2.82432044E-02  8.11453538E-04  4.40000000E-01  3.58437724E-02  3.06596853E-04  4.40000000E-01  5.96026704E-03  1.08978671E-04  4.40000000E-01  5.17461158E-07  1.73220797E-08  4.40000000E-01  3.80587907E-08  4.45910426E-09
  4.80000000E-01  1.69595894E-03  8.38304920E-05  4.80000000E-01  1.89288982E-03  1.51849826E-04  4.80000000E-01  3.68096354E-03  1.90581200E-04  4.80000000E-01  4.68703148E-03  2.85177088E-04  4.80000000E-01  1.04981309E-02  4.38955792E-04  4.80000000E-01  2.85205477E-02  7.80519461E-04  4.80000000E-01  3.54643789E-02  2.83692978E-04  4.80000000E-01  5.91019414E-03  1.07829401E-04  4.80000000E-01  5.53222582E-07  1.77939064E-08  4.80000000E-01  3.83245102E-08  4.21580940E-09
  5.20000000E-01  2.10195338E-03  7.97905129E-05  5.20000000E-01  2.34216455E-03  1.62039635E-04  5.20000000E-01  4.32315402E-03  2.00300701E-04  5.20000000E-01  5.42551486E-03  3.08076565E-04  5.20000000E-01  1.14550898E-02  4.14752493E-04  5.20000000E-01  2.88665731E-02  7.29926193E-04  5.20000000E-01  3.51875926E-02  2.71767886E-04  5.20000000E-01  5.84004095E-03  1.04964676E-04  5.20000000E-01  5.96418412E-07  1.78093708E-08  5.20000000E-01  3.90224341E-08  3.82359025E-09
  5.60000000E-01  2.59547150E-03  8.99708404E-05  5.60000000E-01  2.87528031E-03  1.62349936E-04  5.60000000E-01  5.12176934E-03  2.18568955E-04  5.60000000E-01  6.28225112E-03  3.46063207E-04  5.60000000E-01  1.24359917E-02  4.28663251E-04  5.60000000E-01  2.92364279E-02  7.00987092E-04  5.60000000E-01  3.47628138E-02  2.64024626E-04  5.60000000E-01  5.77000371E-03  1.05963080E-04  5.60000000E-01  6.21362850E-07  1.73720348E-08  5.60000000E-01  4.41243360E-08  4.46596116E-09
  6.00000000E-01  3.25959416E-03  1.07929816E-04  6.00000000E-01  3.67994600E-03  2.00649216E-04  6.00000000E-01  5.98611342E-03  2.39771600E-04  6.00000000E-01  7.18518903E-03  3.65879718E-04  6.00000000E-01  1.36610803E-02  4.15603638E-04  6.00000000E-01  2.94303122E-02  6.72785969E-04  6.00000000E-01  3.43457820E-02  2.39223011E-04  6.00000000E-01  5.65230858E-03  1.04450372E-04  6.00000000E-01  6.73995513E-07  1.73746757E-08  6.00000000E-01  4.85679277E-08  4.27558816E-09
  6.40000000E-01  3.97897990E-03  1.19935195E-04  6.40000000E-01  4.46000639E-03  2.28875636E-04  6.40000000E-01  7.00217584E-03  2.42249399E-04  6.40000000E-01  8.32899217E-03  3.90286226E-04  6.40000000E-01  1.48527966E-02  4.04084258E-04  6.40000000E-01  2.99016051E-02  6.33017669E-04  6.40000000E-01  3.36883252E-02  2.27752535E-04  6.40000000E-01  5.57308873E-03  1.03294866E-04  6.40000000E-01  7.23528018E-07  1.75622571E-08  6.40000000E-01  5.33410204E-08  4.41620325E-09
  6.80000000E-01  4.79870171E-03  1.24713982E-04  6.80000000E-01  5.37034000E-03  2.37406424E-04  6.80000000E-01  8.11633047E-03  2.63959179E-04  6.80000000E-01  9.66951558E-03  4.09154684E-04  6.80000000E-01  1.63022287E-02  3.98913711E-04  6.80000000E-01  3.02882360E-02  5.73576975E-04  6.80000000E-01  3.31165765E-02  2.06667255E-04  6.80000000E-01  5.47097745E-03  9.99907686E-05  6.80000000E-01  7.89317572E-07  1.84020622E-08  6.80000000E-01  4.97472880E-08  3.75153666E-09
  7.20000000E-01  5.90563474E-03  1.38344252E-04  7.20000000E-01  6.60390762E-03  2.75805234E-04  7.20000000E-01  9.37125183E-03  2.75851344E-04  7.20000000E-01  1.11580672E-02  4.40241055E-04  7.20000000E-01  1.78100831E-02  3.81290040E-04  7.20000000E-01  3.05575477E-02  5.31196410E-04  7.20000000E-01  3.26675553E-02  1.98972226E-04  7.20000000E-01  5.34675348E-03  9.80304768E-05  7.20000000E-01  8.58576396E-07  1.79038651E-08  7.20000000E-01  5.33384134E-08  4.01743582E-09
  7.60000000E-01  7.12983558E-03  1.50637464E-04  7.60000000E-01  8.00226069E-03  2.93132508E-04  7.60000000E-01  1.10101811E-02  2.86703599E-04  7.60000000E-01  1.26867757E-02  4.45613772E-04  7.60000000E-01  1.95738442E-02  3.68379802E-04  7.60000000E-01  3.09587087E-02  4.81595326E-04  7.60000000E-01  3.18911010E-02  1.89384639E-04  7.60000000E-01  5.23280267E-03  9.56360467E-05  7.60000000E-01  9.29138396E-07  1.89392393E-08  7.60000000E-01  6.25193264E-08  4.06743466E-09
  8.00000000E-01  8.66155899E-03  1.81682586E-04  8.00000000E-01  9.59804628E-03  3.23256844E-04  8.00000000E-01  1.28153881E-02  3.03985008E-04  8.00000000E-01  1.43768974E-02  4.84141194E-04  8.00000000E-01  2.12083135E-02  3.48867300E-04  8.00000000E-01  3.13218149E-02  4.34916136E-04  8.00000000E-01  3.13213584E-02  1.73651792E-04  8.00000000E-01  5.10924985E-03  9.37568247E-05  8.00000000E-01  1.01168198E-06  1.94590258E-08  8.00000000E-01  6.50594353E-08  4.11695086E-09
  8.40000000E-01  1.01672890E-02  1.83774390E-04  8.40000000E-01  1.13580639E-02  3.20035040E-04  8.40000000E-01  1.46757156E-02  3.32080072E-04  8.40000000E-01  1.64627316E-02  5.23654861E-04  8.40000000E-01  2.29138241E-02  3.21366668E-04  8.40000000E-01  3.15712826E-02  3.69402724E-04  8.40000000E-01  3.06100094E-02  1.73139358E-04  8.40000000E-01  4.99309990E-03  9.09371607E-05  8.40000000E-01  1.12378195E-06  2.00040126E-08  8.40000000E-01  7.21749161E-08  4.08329544E-09
  8.80000000E-01  1.22455113E-02  2.10400892E-04  8.80000000E-01  1.35113508E-02  3.30683848E-04  8.80000000E-01  1.67441307E-02  3.27771294E-04  8.80000000E-01  1.85917587E-02  5.34221792E-04  8.80000000E-01  2.48615621E-02  3.19977062E-04  8.80000000E-01  3.16775774E-02  3.09137014E-04  8.80000000E-01  2.98736396E-02  1.67374218E-04  8.80000000E-01  4.84017361E-03  8.89295754E-05  8.80000000E-01  1.22330026E-06  2.18389096E-08  8.80000000E-01  8.25483639E-08  4.19332850E-09
  9.20000000E-01  1.42297083E-02  1.83068609E-04  9.20000000E-01  1.59205790E-02  3.47978415E-04  9.20000000E-01  1.91042716E-02  3.29334905E-04  9.20000000E-01  2.08464550E-02  5.57207149E-04  9.20000000E-01  2.68245272E-02  2.94187908E-04  9.20000000E-01  3.20740250E-02  2.42712568E-04  9.20000000E-01  2.90351366E-02  1.62565387E-04  9.20000000E-01  4.70387043E-03  8.55924458E-05  9.20000000E-01  1.32186646E-06  2.22501518E-08  9.20000000E-01  8.56050417E-08  4.09850614E-09
  9.60000000E-01  1.65615040E-02  2.19492491E-04  9.60000000E-01  1.85295472E-02  3.39177040E-04  9.60000000E-01  2.18323615E-02  3.34450555E-04  9.60000000E-01  2.33055162E-02  5.85350183E-04  9.60000000E-01  2.87945419E-02  2.91705029E-04  9.60000000E-01  3.21887831E-02  2.00427691E-04  9.60000000E-01  2.82370830E-02  1.52942380E-04  9.60000000E-01  4.54695345E-03  8.37956801E-05  9.60000000E-01  1.49280841E-06  2.15161388E-08  9.60000000E-01  9.97804053E-08  4.41631695E-09
  1.00000000E+00  1.93370842E-02  2.18377532E-04  1.00000000E+00  2.14278007E-02  3.28472290E-04  1.00000000E+00  2.43815156E-02  3.24018476E-04  1.00000000E+00  2.58170752E-02  5.73819942E-04  1.00000000E+00  3.07455958E-02  2.57866755E-04  1.00000000E+00  3.24575689E-02  1.85006596E-04  1.00000000E+00  2.73616035E-02  1.65787933E-04  1.00000000E+00  4.40234806E-03  8.09516545E-05  1.00000000E+00  1.63342903E-06  2.47734852E-08  1.00000000E+00  1.05416745E-07  4.46132790E-09
  1.04000000E+00  2.22022966E-02  2.20532404E-04  1.04000000E+00  2.47612611E-02  3.07318423E-04  1.04000000E+00  2.74227941E-02  3.24232659E-04  1.04000000E+00  2.85836658E-02  5.62637165E-04  1.04000000E+00  3.28436178E-02  2.55860423E-04  1.04000000E+00  3.25556510E-02  1.87119819E-04  1.04000000E+00  2.65432959E-02  1.47913075E-04  1.04000000E+00  4.24419000E-03  7.69561729E-05  1.04000000E+00  1.81472670E-06  2.30147104E-08  1.04000000E+00  1.18135009E-07  4.74315658E-09
  1.08000000E+00  2.53255511E-02  2.15768043E-04  1.08000000E+00  2.81208832E-02  2.89010599E-04  1.08000000E+00  3.03578060E-02  3.22708946E-04  1.08000000E+00  3.14803328E-02  5.75205610E-04  1.08000000E+00  3.49845057E-02  2.22957804E-04  1.08000000E+00  3.26744154E-02  2.22331168E-04  1.08000000E+00  2.55181857E-02  1.64800687E-04  1.08000000E+00  4.09523762E-03  7.39318531E-05  1.08000000E+00  2.02271464E-06  2.68529431E-08  1.08000000E+00  1.25934966E-07  4.74686004E-09
  1.12000000E+00  2.88746123E-02  2.22962315E-04  1.12000000E+00  3.17953526E-02  2.59886244E-04  1.12000000E+00  3.35459866E-02  3.05246193E-04  1.12000000E+00  3.42051671E-02  5.59965540E-04  1.12000000E+00  3.68417761E-02  2.34421820E-04  1.12000000E+00  3.24662678E-02  2.68174105E-04  1.12000000E+00  2.45447743E-02  1.53886963E-04  1.12000000E+00  3.93106871E-03  7.14531091E-05  1.12000000E+00  2.26809755E-06  2.70839695E-08  1.12000000E+00  1.43797887E-07  4.96229825E-09
  1.16000000E+00  3.24325414E-02  2.33317421E-04  1.16000000E+00  3.57247111E-02  2.45728703E-04  1.16000000E+00  3.66321914E-02  3.05158520E-04  1.16000000E+00  3.69810331E-02  5.57478652E-04  1.16000000E+00  3.87498365E-02  2.27404539E-04  1.16000000E+00  3.23728546E-02  3.12135701E-04  1.16000000E+00  2.35500369E-02  1.72897615E-04  1.16000000E+00  3.77363677E-03  6.62059087E-05  1.16000000E+00  2.48260131E-06  3.01550972E-08  1.16000000E+00  1.54461221E-07  5.02307464E-09
  1.20000000E+00  3.62432600E-02  2.36822104E-04  1.20000000E+00  3.98600252E-02  2.24551481E-04  1.20000000E+00  4.01435243E-02  3.21948229E-04  1.20000000E+00  4.00762562E-02  5.08989122E-04  1.20000000E+00  4.05767814E-02  2.23789126E-04  1.20000000E+00  3.21610898E-02  3.74790318E-04  1.20000000E+00  2.25220629E-02  1.72719979E-04  1.20000000E+00  3.62299524E-03  6.33791337E-05  1.20000000E+00  2.77581875E-06  2.77615362E-08  1.20000000E+00  1.80810452E-07  5.30764959E-09
  1.24000000E+00  4.01440861E-02  2.27281132E-04  1.24000000E+00  4.39486633E-02  2.29401416E-04  1.24000000E+00  4.36174408E-02  3.25363660E-04  1.24000000E+00  4.28819660E-02  4.84034770E-04  1.24000000E+00  4.22324336E-02  2.69547765E-04  1.24000000E+00  3.17134031E-02  4.47607822E-04  1.24000000E+00  2.14935381E-02  1.68845557E-04  1.24000000E+00  3.46632013E-03  6.01989827E-05  1.24000000E+00  3.10720975E-06  2.79132429E-08  1.24000000E+00  1.93815353E-07  5.63299717E-09
  1.28000000E+00  4.41058491E-02  2.63036206E-04  1.28000000E+00  4.81543454E-02  2.26803617E-04  1.28000000E+00  4.67664482E-02  3.28909966E-04  1.28000000E+00  4.55608868E-02  4.27194165E-04  1.28000000E+00  4.36620877E-02  2.94789012E-04  1.28000000E+00  3.13576100E-02  4.80186812E-04  1.28000000E+00  2.04822364E-02  1.77883814E-04  1.28000000E+00  3.31569852E-03  5.71444666E-05  1.28000000E+00  3.48221221E-06  3.04676640E-08  1.28000000E+00  2.13512477E-07  5.40668159E-09
  1.32000000E+00  4.81073956E-02  2.49060202E-04  1.32000000E+00  5.22354034E-02  2.57461300E-04  1.32000000E+00  4.98991273E-02  3.36105356E-04  1.32000000E+00  4.82480865E-02  3.88994632E-04  1.32000000E+00  4.49644973E-02  3.42489619E-04  1.32000000E+00  3.09214432E-02  5.38590584E-04  1.32000000E+00  1.94456355E-02  1.88097610E-04  1.32000000E+00  3.16381250E-03  5.39039433E-05  1.32000000E+00  3.88205036E-06  3.09883273E-08  1.32000000E+00  2.45336157E-07  6.46935170E-09
  1.36000000E+00  5.19598996E-02  2.56467265E-04  1.36000000E+00  5.63514849E-02  2.92427533E-04  1.36000000E+00  5.30155913E-02  3.74561654E-04  1.36000000E+00  5.06186423E-02  3.68262067E-04  1.36000000E+00  4.57986505E-02  3.46574144E-04  1.36000000E+00  3.02182976E-02  5.85101961E-04  1.36000000E+00  1.83988597E-02  1.86875354E-04  1.36000000E+00  3.00067491E-03  5.04714927E-05  1.36000000E+00  4.35157294E-06  3.65780120E-08  1.36000000E+00  2.75545645E-07  6.33708557E-09
  1.40000000E+00  5.58263502E-02  2.82608053E-04  1.40000000E+00  6.01544761E-02  3.76404315E-04  1.40000000E+00  5.59230133E-02  4.06022909E-04  1.40000000E+00  5.29954225E-02  3.19758233E-04  1.40000000E+00  4.65456344E-02  3.91350271E-04  1.40000000E+00  2.94037231E-02  6.28196681E-04  1.40000000E+00  1.72899758E-02  1.85069037E-04  1.40000000E+00  2.85119817E-03  4.64097252E-05  1.40000000E+00  4.88385997E-06  3.48428654E-08  1.40000000E+00  3.14140475E-07  7.65252495E-09
  1.44000000E+00  5.94465303E-02  3.17588801E-04  1.44000000E+00  6.35726920E-02  4.44745081E-04  1.44000000E+00  5.85176392E-02  4.88899140E-04  1.44000000E+00  5.49265946E-02  3.20116082E-04  1.44000000E+00  4.70264098E-02  4.42799396E-04  1.44000000E+00  2.86073159E-02  6.59461787E-04  1.44000000E+00  1.62830103E-02  1.87329522E-04  1.44000000E+00  2.70135511E-03  4.48323500E-05  1.44000000E+00  5.45234312E-06  3.63704641E-08  1.44000000E+00  3.44777571E-07  6.76330985E-09
  1.48000000E+00  6.28896985E-02  3.58770473E-04  1.48000000E+00  6.67003241E-02  5.19741775E-04  1.48000000E+00  6.06866059E-02  5.19713202E-04  1.48000000E+00  5.63736756E-02  3.56993383E-04  1.48000000E+00  4.72271796E-02  4.60150185E-04  1.48000000E+00  2.76690056E-02  6.89527377E-04  1.48000000E+00  1.52069552E-02  1.81638841E-04  1.48000000E+00  2.56276008E-03  4.19075645E-05  1.48000000E+00  6.10433479E-06  3.91767461E-08  1.48000000E+00  3.92242662E-07  7.23803634E-09
  1.52000000E+00  6.56962564E-02  3.58091630E-04  1.52000000E+00  6.97896661E-02  5.67452116E-04  1.52000000E+00  6.24809681E-02  5.91178043E-04  1.52000000E+00  5.76839539E-02  4.24796031E-04  1.52000000E+00  4.69731370E-02  4.86509520E-04  1.52000000E+00  2.66790691E-02  7.10114835E-04  1.52000000E+00  1.41841005E-02  1.80405461E-04  1.52000000E+00  2.43930235E-03  4.02344550E-05  1.52000000E+00  6.84659762E-06  4.18235278E-08  1.52000000E+00  4.36001866E-07  8.13902894E-09
  1.56000000E+00  6.83017195E-02  4.03009100E-04  1.56000000E+00  7.16439525E-02  6.37605488E-04  1.56000000E+00  6.38272069E-02  6.45341550E-04  1.56000000E+00  5.84559315E-02  4.83030907E-04  1.56000000E+00  4.66315929E-02  5.12209902E-04  1.56000000E+00  2.55561468E-02  7.26378995E-04  1.56000000E+00  1.32230130E-02  1.80878266E-04  1.56000000E+00  2.31210725E-03  3.74400217E-05  1.56000000E+00  7.67267849E-06  4.29772617E-08  1.56000000E+00  4.90398687E-07  8.56599514E-09
  1.60000000E+00  7.03338801E-02  4.15714881E-04  1.60000000E+00  7.32812578E-02  6.83301236E-04  1.60000000E+00  6.46320985E-02  7.43959367E-04  1.60000000E+00  5.91170811E-02  5.82274288E-04  1.60000000E+00  4.59089551E-02  5.49012549E-04  1.60000000E+00  2.43995550E-02  7.26510439E-04  1.60000000E+00  1.22430394E-02  1.70965306E-04  1.60000000E+00  2.18975358E-03  3.52975626E-05  1.60000000E+00  8.57959106E-06  4.54333232E-08  1.60000000E+00  5.44074120E-07  8.64905321E-09
  1.64000000E+00  7.16586872E-02  4.32165052E-04  1.64000000E+00  7.42894830E-02  7.56653105E-04  1.64000000E+00  6.49279623E-02  7.83328046E-04  1.64000000E+00  5.91280190E-02  6.66200854E-04  1.64000000E+00  4.47713335E-02  5.34561832E-04  1.64000000E+00  2.31301819E-02  7.15756814E-04  1.64000000E+00  1.13807259E-02  1.76664316E-04  1.64000000E+00  2.08291825E-03  3.27165114E-05  1.64000000E+00  9.58684181E-06  4.80513100E-08  1.64000000E+00  6.23887377E-07  8.75111011E-09
  1.68000000E+00  7.25169730E-02  4.76045124E-04  1.68000000E+00  7.47655756E-02  8.19192984E-04  1.68000000E+00  6.45688710E-02  8.20744160E-04  1.68000000E+00  5.88315053E-02  7.47625763E-04  1.68000000E+00  4.32832991E-02  5.70207613E-04  1.68000000E+00  2.17759306E-02  6.99568443E-04  1.68000000E+00  1.04899570E-02  1.64678254E-04  1.68000000E+00  1.98632423E-03  3.10077324E-05  1.68000000E+00  1.07835151E-05  5.22799544E-08  1.68000000E+00  6.95937756E-07  9.88714557E-09
  1.72000000E+00  7.28389201E-02  4.84891112E-04  1.72000000E+00  7.43510406E-02  8.48913984E-04  1.72000000E+00  6.38657531E-02  8.79666870E-04  1.72000000E+00  5.79646536E-02  8.39116984E-04  1.72000000E+00  4.18703861E-02  5.75593247E-04  1.72000000E+00  2.05922253E-02  6.96941704E-04  1.72000000E+00  9.66646221E-03  1.60644760E-04  1.72000000E+00  1.89038265E-03  2.89141209E-05  1.72000000E+00  1.21765605E-05  5.49167481E-08  1.72000000E+00  7.81908113E-07  9.69962184E-09
  1.76000000E+00  7.27838809E-02  4.64459056E-04  1.76000000E+00  7.33101780E-02  8.44289497E-04  1.76000000E+00  6.27066892E-02  8.92952716E-04  1.76000000E+00  5.67628028E-02  8.98357845E-04  1.76000000E+00  3.99489819E-02  5.62697397E-04  1.76000000E+00  1.92738313E-02  6.60145516E-04  1.76000000E+00  8.86606918E-03  1.52973330E-04  1.76000000E+00  1.82219286E-03  2.66496019E-05  1.76000000E+00  1.36323898E-05  5.96253575E-08  1.76000000E+00  8.66017481E-07  1.06640729E-08
  1.80000000E+00  7.20437912E-02  5.06373390E-04  1.80000000E+00  7.19751651E-02  9.12790624E-04  1.80000000E+00  6.10336314E-02  9.06516053E-04  1.80000000E+00  5.50904539E-02  9.63724859E-04  1.80000000E+00  3.80224676E-02  5.61661565E-04  1.80000000E+00  1.79369379E-02  6.42341629E-04  1.80000000E+00  8.14128393E-03  1.48585921E-04  1.80000000E+00  1.75126580E-03  2.40074814E-05  1.80000000E+00  1.52363749E-05  6.18117982E-08  1.80000000E+00  9.84452025E-07  1.25509905E-08
  1.84000000E+00  7.04682836E-02  4.54955405E-04  1.84000000E+00  6.97303710E-02  8.91514096E-04  1.84000000E+00  5.90225713E-02  9.18931706E-04  1.84000000E+00  5.32222864E-02  9.99233455E-04  1.84000000E+00  3.59222252E-02  5.46747012E-04  1.84000000E+00  1.66314143E-02  6.01023875E-04  1.84000000E+00  7.46717007E-03  1.44273814E-04  1.84000000E+00  1.70229193E-03  2.24497913E-05  1.84000000E+00  1.71028244E-05  6.68746000E-08  1.84000000E+00  1.11120954E-06  1.36816513E-08
  1.88000000E+00  6.83537092E-02  4.18947063E-04  1.88000000E+00  6.71481919E-02  8.83152109E-04  1.88000000E+00  5.62089223E-02  9.15566160E-04  1.88000000E+00  5.09657334E-02  1.04171805E-03  1.88000000E+00  3.37189759E-02  5.30648476E-04  1.88000000E+00  1.53698436E-02  5.76558380E-04  1.88000000E+00  6.81894941E-03  1.34743190E-04  1.88000000E+00  1.65088780E-03  2.08349302E-05  1.88000000E+00  1.91200372E-05  7.37093429E-08  1.88000000E+00  1.24821033E-06  1.30351556E-08
  1.92000000E+00  6.59366562E-02  3.95352169E-04  1.92000000E+00  6.36702811E-02  8.45590274E-04  1.92000000E+00  5.32234640E-02  8.99102278E-04  1.92000000E+00  4.83245560E-02  1.06789834E-03  1.92000000E+00  3.15650996E-02  5.30702598E-04  1.92000000E+00  1.41748860E-02  5.42533667E-04  1.92000000E+00  6.24352511E-03  1.27711606E-04  1.92000000E+00  1.62240014E-03  2.04538660E-05  1.92000000E+00  2.14540207E-05  7.60510238E-08  1.92000000E+00  1.42405936E-06  1.29563589E-08
  1.96000000E+00  6.29413528E-02  3.76372474E-04  1.96000000E+00  5.98805913E-02  7.98033747E-04  1.96000000E+00  5.03273295E-02  8.76424613E-04  1.96000000E+00  4.57284845E-02  1.08349282E-03  1.96000000E+00  2.93017466E-02  5.10584484E-04  1.96000000E+00  1.29571045E-02  5.03178868E-04  1.96000000E+00  5.71658551E-03  1.18730344E-04  1.96000000E+00  1.59870898E-03  1.85849181E-05  1.96000000E+00  2.40641952E-05  8.52592695E-08  1.96000000E+00  1.59907312E-06  1.40813944E-08
  2.00000000E+00  5.96275479E-02  3.14056171E-04  2.00000000E+00  5.60214854E-02  7.73080557E-04  2.00000000E+00  4.68713543E-02  8.45735426E-04  2.00000000E+00  4.26520943E-02  1.07714970E-03  2.00000000E+00  2.70183890E-02  4.77856723E-04  2.00000000E+00  1.18962730E-02  4.71282147E-04  2.00000000E+00  5.24053703E-03  1.12350702E-04  2.00000000E+00  1.59659554E-03  1.73406359E-05  2.00000000E+00  2.69930881E-05  8.87361049E-08  2.00000000E+00  1.79296710E-06  1.60822318E-08
  2.04000000E+00  5.59318839E-02  2.61166911E-04  2.04000000E+00  5.19504750E-02  7.28419080E-04  2.04000000E+00  4.33553477E-02  8.16453706E-04  2.04000000E+00  3.97039750E-02  1.08005473E-03  2.04000000E+00  2.46741131E-02  4.68745741E-04  2.04000000E+00  1.08525297E-02  4.28262955E-04  2.04000000E+00  4.85369799E-03  1.05878632E-04  2.04000000E+00  1.60260749E-03  1.62073137E-05  2.04000000E+00  3.02294572E-05  1.02806787E-07  2.04000000E+00  2.01419079E-06  1.67348922E-08
  2.08000000E+00  5.19210441E-02  2.54079054E-04  2.08000000E+00  4.75225274E-02  6.63156862E-04  2.08000000E+00  3.98305681E-02  7.72316537E-04  2.08000000E+00  3.64788650E-02  1.06623823E-03  2.08000000E+00  2.24782995E-02  4.49315379E-04  2.08000000E+00  9.90733241E-03  3.93505769E-04  2.08000000E+00  4.48270975E-03  1.00954880E-04  2.08000000E+00  1.62329008E-03  1.67615260E-05  2.08000000E+00  3.39080061E-05  1.12421063E-07  2.08000000E+00  2.26369865E-06  1.66411879E-08
  2.12000000E+00  4.78016151E-02  2.06433464E-04  2.12000000E+00  4.32170215E-02  5.96208377E-04  2.12000000E+00  3.63660209E-02  7.18447311E-04  2.12000000E+00  3.33527332E-02  1.00605457E-03  2.12000000E+00  2.04031362E-02  4.17269445E-04  2.12000000E+00  8.95374025E-03  3.57670719E-04  2.12000000E+00  4.18402603E-03  9.55414932E-05  2.12000000E+00  1.65894319E-03  1.56660271E-05  2.12000000E+00  3.79666645E-05  1.16095254E-07  2.12000000E+00  2.55784305E-06  1.97505868E-08
  2.16000000E+00  4.35854285E-02  1.88340102E-04  2.16000000E+00  3.89720824E-02  5.41970554E-04  2.16000000E+00  3.27571459E-02  6.65092458E-04  2.16000000E+00  3.03924129E-02  9.78677282E-04  2.16000000E+00  1.84592902E-02  3.98958126E-04  2.16000000E+00  8.20547864E-03  3.21950796E-04  2.16000000E+00  3.95682127E-03  8.35290649E-05  2.16000000E+00  1.70470739E-03  1.59892219E-05  2.16000000E+00  4.24793012E-05  1.27557241E-07  2.16000000E+00  2.86595708E-06  1.97552927E-08
  2.20000000E+00  3.96268576E-02  1.77298735E-04  2.20000000E+00  3.47144815E-02  4.82498276E-04  2.20000000E+00  2.94304258E-02  6.13914616E-04  2.20000000E+00  2.73955780E-02  9.38170949E-04  2.20000000E+00  1.65894129E-02  3.74504178E-04  2.20000000E+00  7.48006302E-03  2.84692665E-04  2.20000000E+00  3.76035725E-03  7.63985745E-05  2.20000000E+00  1.77091691E-03  1.47868001E-05  2.20000000E+00  4.75355668E-05  1.37127991E-07  2.20000000E+00  3.22066516E-06  2.02499206E-08
  2.24000000E+00  3.54908542E-02  1.67068643E-04  2.24000000E+00  3.06287715E-02  4.25158993E-04  2.24000000E+00  2.62798791E-02  5.51989580E-04  2.24000000E+00  2.46828621E-02  8.72573548E-04  2.24000000E+00  1.49588087E-02  3.44346678E-04  2.24000000E+00  6.87240910E-03  2.57800638E-04  2.24000000E+00  3.62937923E-03  7.50167995E-05  2.24000000E+00  1.85346350E-03  1.45970865E-05  2.24000000E+00  5.32968778E-05  1.59127326E-07  2.24000000E+00  3.59450735E-06  2.11447096E-08
  2.28000000E+00  3.17053548E-02  1.81561227E-04  2.28000000E+00  2.68293073E-02  3.75345615E-04  2.28000000E+00  2.30661879E-02  4.87435222E-04  2.28000000E+00  2.19276068E-02  8.11021320E-04  2.28000000E+00  1.33268152E-02  3.27508922E-04  2.28000000E+00  6.34116320E-03  2.31201132E-04  2.28000000E+00  3.52927671E-03  6.88335935E-05  2.28000000E+00  1.94928760E-03  1.55940455E-05  2.28000000E+00  5.94295075E-05  1.68827508E-07  2.28000000E+00  4.03868816E-06  2.25697524E-08
  2.32000000E+00  2.79264946E-02  1.73086367E-04  2.32000000E+00  2.31923120E-02  2.98010425E-04  2.32000000E+00  2.03217071E-02  4.27525746E-04  2.32000000E+00  1.94567922E-02  7.52671307E-04  2.32000000E+00  1.19353460E-02  3.06504265E-04  2.32000000E+00  5.88290762E-03  2.09146547E-04  2.32000000E+00  3.45914208E-03  6.60167974E-05  2.32000000E+00  2.05077776E-03  1.54810685E-05  2.32000000E+00  6.65325339E-05  1.81156340E-07  2.32000000E+00  4.53787471E-06  2.44828410E-08
  2.36000000E+00  2.44882894E-02  2.00048302E-04  2.36000000E+00  1.99947170E-02  2.51669054E-04  2.36000000E+00  1.76463664E-02  3.72560620E-04  2.36000000E+00  1.71903980E-02  6.89436573E-04  2.36000000E+00  1.07114036E-02  2.73301857E-04  2.36000000E+00  5.53388981E-03  1.82121003E-04  2.36000000E+00  3.47053421E-03  6.01833954E-05  2.36000000E+00  2.18711222E-03  1.49240712E-05  2.36000000E+00  7.44959619E-05  1.94986023E-07  2.36000000E+00  5.04882278E-06  2.58744286E-08
  2.40000000E+00  2.13942622E-02  2.14984312E-04  2.40000000E+00  1.71305107E-02  2.06752521E-04  2.40000000E+00  1.53779453E-02  3.37361500E-04  2.40000000E+00  1.51917961E-02  6.27773800E-04  2.40000000E+00  9.51656867E-03  2.57673062E-04  2.40000000E+00  5.23069795E-03  1.67066608E-04  2.40000000E+00  3.51865526E-03  5.97860522E-05  2.40000000E+00  2.33988876E-03  1.54597968E-05  2.40000000E+00  8.30666740E-05  2.12934087E-07  2.40000000E+00  5.65820814E-06  2.78565379E-08
  2.44000000E+00  1.83967210E-02  2.12419070E-04  2.44000000E+00  1.45812415E-02  1.69535735E-04  2.44000000E+00  1.32668011E-02  2.83392691E-04  2.44000000E+00  1.32672013E-02  5.54736116E-04  2.44000000E+00  8.59693228E-03  2.32494967E-04  2.44000000E+00  5.00884750E-03  1.45378926E-04  2.44000000E+00  3.60103503E-03  5.79570456E-05  2.44000000E+00  2.50289588E-03  1.50064037E-05  2.44000000E+00  9.27191410E-05  2.36411776E-07  2.44000000E+00  6.29195130E-06  2.96528037E-08
  2.48000000E+00  1.58687890E-02  2.20680161E-04  2.48000000E+00  1.22822142E-02  1.32669851E-04  2.48000000E+00  1.14356224E-02  2.51922843E-04  2.48000000E+00  1.15531802E-02  4.91147779E-04  2.48000000E+00  7.75483951E-03  2.15760619E-04  2.48000000E+00  4.87626394E-03  1.34940237E-04  2.48000000E+00  3.76617437E-03  5.47797272E-05  2.48000000E+00  2.68487347E-03  1.75544293E-05  2.48000000E+00  1.03237318E-04  2.52297561E-07  2.48000000E+00  7.04656601E-06  3.19671063E-08
  2.52000000E+00  1.36134189E-02  2.13306802E-04  2.52000000E+00  1.03399771E-02  1.09924764E-04  2.52000000E+00  9.82646645E-03  2.17401076E-04  2.52000000E+00  1.01505487E-02  4.37320983E-04  2.52000000E+00  7.09613737E-03  1.94422527E-04  2.52000000E+00  4.80391437E-03  1.19132382E-04  2.52000000E+00  3.89398463E-03  5.11571668E-05  2.52000000E+00  2.90229426E-03  1.61518967E-05  2.52000000E+00  1.14920571E-04  2.78412792E-07  2.52000000E+00  7.84969724E-06  3.54700779E-08
  2.56000000E+00  1.16828987E-02  2.18364183E-04  2.56000000E+00  8.65223030E-03  9.51318261E-05  2.56000000E+00  8.41821211E-03  1.94175261E-04  2.56000000E+00  8.89743731E-03  3.82477212E-04  2.56000000E+00  6.51124734E-03  1.73816608E-04  2.56000000E+00  4.79382268E-03  1.08963194E-04  2.56000000E+00  4.11528763E-03  5.29178682E-05  2.56000000E+00  3.13605207E-03  1.73455584E-05  2.56000000E+00  1.27881441E-04  3.08589651E-07  2.56000000E+00  8.77950485E-06  3.72311444E-08
  2.60000000E+00  9.89780177E-03  2.08579181E-04  2.60000000E+00  7.19269124E-03  8.84519410E-05  2.60000000E+00  7.21134677E-03  1.72371194E-04  2.60000000E+00  7.87553437E-03  3.31395137E-04  2.60000000E+00  6.11283206E-03  1.57076461E-04  2.60000000E+00  4.84785397E-03  1.06495343E-04  2.60000000E+00  4.37124651E-03  5.48502638E-05  2.60000000E+00  3.38323615E-03  1.80210429E-05  2.60000000E+00  1.42203873E-04  3.40793386E-07  2.60000000E+00  9.73464528E-06  3.98959349E-08
  2.64000000E+00  8.46774177E-03  2.02810739E-04  2.64000000E+00  6.01639204E-03  8.45885126E-05  2.64000000E+00  6.28152939E-03  1.60066322E-04  2.64000000E+00  6.98763790E-03  2.81921129E-04  2.64000000E+00  5.79670954E-03  1.37824868E-04  2.64000000E+00  4.93744821E-03  9.72241078E-05  2.64000000E+00  4.63664278E-03  4.92596735E-05  2.64000000E+00  3.66623303E-03  1.81732824E-05  2.64000000E+00  1.58064289E-04  3.68981025E-07  2.64000000E+00  1.08385234E-05  4.32718649E-08
  2.68000000E+00  7.26186565E-03  1.87522202E-04  2.68000000E+00  5.04323890E-03  7.99447866E-05  2.68000000E+00  5.44561179E-03  1.42148564E-04  2.68000000E+00  6.26968527E-03  2.39119584E-04  2.68000000E+00  5.50271633E-03  1.28545288E-04  2.68000000E+00  5.11571137E-03  1.01319237E-04  2.68000000E+00  4.99740638E-03  4.98176895E-05  2.68000000E+00  3.98688054E-03  1.89238318E-05  2.68000000E+00  1.75327820E-04  3.97152411E-07  2.68000000E+00  1.19951190E-05  4.65879643E-08
  2.72000000E+00  6.15509500E-03  1.79528275E-04  2.72000000E+00  4.28346505E-03  8.63693670E-05  2.72000000E+00  4.78114096E-03  1.31084539E-04  2.72000000E+00  5.63557728E-03  2.05066056E-04  2.72000000E+00  5.40884121E-03  1.16960684E-04  2.72000000E+00  5.36506254E-03  9.66702507E-05  2.72000000E+00  5.35451238E-03  5.13951932E-05  2.72000000E+00  4.33316702E-03  1.83098523E-05  2.72000000E+00  1.94660575E-04  4.31216311E-07  2.72000000E+00  1.33326768E-05  5.00229043E-08
  2.76000000E+00  5.34112411E-03  1.64146585E-04  2.76000000E+00  3.66176011E-03  9.25350666E-05  2.76000000E+00  4.30012518E-03  1.25636029E-04  2.76000000E+00  5.17402240E-03  1.73700291E-04  2.76000000E+00  5.32827786E-03  1.08695095E-04  2.76000000E+00  5.64845421E-03  9.48277153E-05  2.76000000E+00  5.76526210E-03  5.05361849E-05  2.76000000E+00  4.69617067E-03  1.99098447E-05  2.76000000E+00  2.15338264E-04  4.65359223E-07  2.76000000E+00  1.47871888E-05  5.37604306E-08
  2.80000000E+00  4.65923006E-03  1.58572528E-04  2.80000000E+00  3.24131936E-03  1.04471833E-04  2.80000000E+00  3.97092522E-03  1.22864605E-04  2.80000000E+00  4.82082928E-03  1.49651424E-04  2.80000000E+00  5.36862854E-03  1.01350927E-04  2.80000000E+00  5.96361468E-03  9.65055934E-05  2.80000000E+00  6.23550996E-03  5.11295353E-05  2.80000000E+00  5.10138023E-03  1.88386819E-05  2.80000000E+00  2.38533008E-04  5.35871781E-07  2.80000000E+00  1.63246467E-05  5.83594589E-08
  2.84000000E+00  4.17189103E-03  1.48906553E-04  2.84000000E+00  2.90492233E-03  1.09992328E-04  2.84000000E+00  3.75271433E-03  1.22765576E-04  2.84000000E+00  4.64392561E-03  1.34242198E-04  2.84000000E+00  5.44574565E-03  9.68367303E-05  2.84000000E+00  6.37815806E-03  9.33110218E-05  2.84000000E+00  6.72626585E-03  5.32929012E-05  2.84000000E+00  5.53308315E-03  2.19082325E-05  2.84000000E+00  2.63382978E-04  5.68363955E-07  2.84000000E+00  1.81047540E-05  6.35435609E-08
  2.88000000E+00  3.81886549E-03  1.37506511E-04  2.88000000E+00  2.68870223E-03  1.13262797E-04  2.88000000E+00  3.64655595E-03  1.28310158E-04  2.88000000E+00  4.45305007E-03  1.18253180E-04  2.88000000E+00  5.61027259E-03  9.78607357E-05  2.88000000E+00  6.84818385E-03  9.94842222E-05  2.88000000E+00  7.29536812E-03  5.65598298E-05  2.88000000E+00  6.02228221E-03  2.29592788E-05  2.88000000E+00  2.90794543E-04  6.27808152E-07  2.88000000E+00  2.00684724E-05  6.92051422E-08
  2.92000000E+00  3.56734523E-03  1.35334374E-04  2.92000000E+00  2.60532599E-03  1.18597107E-04  2.92000000E+00  3.58926052E-03  1.23408915E-04  2.92000000E+00  4.42560019E-03  1.15610718E-04  2.92000000E+00  5.89874892E-03  9.99131853E-05  2.92000000E+00  7.35366820E-03  9.93367682E-05  2.92000000E+00  7.92690600E-03  5.70578479E-05  2.92000000E+00  6.54577833E-03  2.26024526E-05  2.92000000E+00  3.20471102E-04  6.75772530E-07  2.92000000E+00  2.21279289E-05  7.67353523E-08
  2.96000000E+00  3.41795145E-03  1.19984586E-04  2.96000000E+00  2.58024793E-03  1.30223826E-04  2.96000000E+00  3.65857626E-03  1.30209072E-04  2.96000000E+00  4.47452346E-03  1.13261740E-04  2.96000000E+00  6.23585864E-03  1.03135807E-04  2.96000000E+00  7.88886850E-03  1.01940748E-04  2.96000000E+00  8.55100867E-03  5.90385739E-05  2.96000000E+00  7.10401100E-03  2.40897906E-05  2.96000000E+00  3.53323739E-04  7.21235970E-07  2.96000000E+00  2.43874722E-05  8.08637353E-08
  3.00000000E+00  3.40559113E-03  1.13331097E-04  3.00000000E+00  2.69205766E-03  1.40610810E-04  3.00000000E+00  3.84400787E-03  1.32851277E-04  3.00000000E+00  4.60688739E-03  1.15185471E-04  3.00000000E+00  6.59377190E-03  1.04174923E-04  3.00000000E+00  8.52250099E-03  1.02759848E-04  3.00000000E+00  9.28821089E-03  6.14721748E-05  3.00000000E+00  7.70494815E-03  2.48382443E-05  3.00000000E+00  3.88122475E-04  8.15160829E-07  3.00000000E+00  2.68148253E-05  8.77626825E-08
  3.04000000E+00  3.45346889E-03  1.11107213E-04  3.04000000E+00  2.85081434E-03  1.45359108E-04  3.04000000E+00  4.07328011E-03  1.38260270E-04  3.04000000E+00  4.83585289E-03  1.30993574E-04  3.04000000E+00  7.08068314E-03  1.06788778E-04  3.04000000E+00  9.19008837E-03  1.09060699E-04  3.04000000E+00  1.00416815E-02  6.22782120E-05  3.04000000E+00  8.36909819E-03  2.41725709E-05  3.04000000E+00  4.26212569E-04  8.76437817E-07  3.04000000E+00  2.94564593E-05  9.49045804E-08
  3.08000000E+00  3.59561225E-03  1.04252210E-04  3.08000000E+00  3.11190811E-03  1.54525806E-04  3.08000000E+00  4.42332483E-03  1.41716611E-04  3.08000000E+00  5.13544508E-03  1.42681257E-04  3.08000000E+00  7.61977958E-03  1.17715760E-04  3.08000000E+00  9.96670258E-03  1.15246548E-04  3.08000000E+00  1.09236608E-02  6.51744065E-05  3.08000000E+00  9.07651610E-03  2.50214746E-05  3.08000000E+00  4.67116123E-04  9.51404933E-07  3.08000000E+00  3.24069036E-05  1.04302047E-07
  3.12000000E+00  3.88113901E-03  1.02899530E-04  3.12000000E+00  3.45641671E-03  1.63015538E-04  3.12000000E+00  4.81115864E-03  1.46330120E-04  3.12000000E+00  5.57610543E-03  1.53247993E-04  3.12000000E+00  8.27241270E-03  1.27084077E-04  3.12000000E+00  1.07702734E-02  1.15974466E-04  3.12000000E+00  1.17861721E-02  6.80134781E-05  3.12000000E+00  9.83354485E-03  2.62491991E-05  3.12000000E+00  5.11155701E-04  1.03946547E-06  3.12000000E+00  3.54505572E-05  1.14378040E-07
  3.16000000E+00  4.23766372E-03  1.05635093E-04  3.16000000E+00  3.86095517E-03  1.71719646E-04  3.16000000E+00  5.30088184E-03  1.54678755E-04  3.16000000E+00  6.06205720E-03  1.66014472E-04  3.16000000E+00  8.95382289E-03  1.28572340E-04  3.16000000E+00  1.16635342E-02  1.19497795E-04  3.16000000E+00  1.27780754E-02  6.82546268E-05  3.16000000E+00  1.06430693E-02  2.80356024E-05  3.16000000E+00  5.58871502E-04  1.13176094E-06  3.16000000E+00  3.88041973E-05  1.21000476E-07
  3.20000000E+00  4.68876592E-03  1.04263649E-04  3.20000000E+00  4.35311904E-03  1.76130109E-04  3.20000000E+00  5.86021785E-03  1.60966705E-04  3.20000000E+00  6.61398049E-03  1.76513051E-04  3.20000000E+00  9.73145754E-03  1.33643311E-04  3.20000000E+00  1.26240976E-02  1.25286270E-04  3.20000000E+00  1.38597040E-02  7.36301807E-05  3.20000000E+00  1.15161912E-02  2.88443077E-05  3.20000000E+00  6.09711535E-04  1.23333511E-06  3.20000000E+00  4.23689241E-05  1.31469089E-07
  3.24000000E+00  5.24281885E-03  1.06571584E-04  3.24000000E+00  4.94445497E-03  1.88478592E-04  3.24000000E+00  6.56348413E-03  1.68976504E-04  3.24000000E+00  7.31525367E-03  1.89620876E-04  3.24000000E+00  1.06105625E-02  1.31893871E-04  3.24000000E+00  1.37104849E-02  1.28302956E-04  3.24000000E+00  1.49512856E-02  7.72739243E-05  3.24000000E+00  1.24390868E-02  3.19920538E-05  3.24000000E+00  6.64515006E-04  1.34832574E-06  3.24000000E+00  4.61859443E-05  1.42507441E-07
  3.28000000E+00  5.87455169E-03  1.06928748E-04  3.28000000E+00  5.67440630E-03  1.96794052E-04  3.28000000E+00  7.31879587E-03  1.72993458E-04  3.28000000E+00  8.16571092E-03  2.03340438E-04  3.28000000E+00  1.16241821E-02  1.46681630E-04  3.28000000E+00  1.48557363E-02  1.45859377E-04  3.28000000E+00  1.61594726E-02  7.69391492E-05  3.28000000E+00  1.34259392E-02  3.28531422E-05  3.28000000E+00  7.22081810E-04  1.48530545E-06  3.28000000E+00  5.02661468E-05  1.55081498E-07
  3.32000000E+00  6.60807338E-03  1.05130040E-04  3.32000000E+00  6.46167304E-03  1.90736279E-04  3.32000000E+00  8.23970518E-03  1.79772837E-04  3.32000000E+00  9.04837064E-03  2.15439361E-04  3.32000000E+00  1.26979873E-02  1.57769002E-04  3.32000000E+00  1.60983034E-02  1.45570114E-04  3.32000000E+00  1.74105014E-02  8.18903699E-05  3.32000000E+00  1.44954004E-02  3.66216653E-05  3.32000000E+00  7.82961084E-04  1.60822410E-06  3.32000000E+00  5.45925471E-05  1.65722789E-07
  3.36000000E+00  7.56026087E-03  1.09700459E-04  3.36000000E+00  7.41168018E-03  1.95104731E-04  3.36000000E+00  9.30429587E-03  1.86804813E-04  3.36000000E+00  1.00629215E-02  2.26354344E-04  3.36000000E+00  1.39563386E-02  1.61701677E-04  3.36000000E+00  1.74457956E-02  1.51417682E-04  3.36000000E+00  1.87360364E-02  7.90458857E-05  3.36000000E+00  1.55847855E-02  3.70939152E-05  3.36000000E+00  8.48394447E-04  1.76507510E-06  3.36000000E+00  5.90889754E-05  1.78379987E-07
  3.40000000E+00  8.46500209E-03  1.08540298E-04  3.40000000E+00  8.51932842E-03  2.01076231E-04  3.40000000E+00  1.04487576E-02  1.89196731E-04  3.40000000E+00  1.12731653E-02  2.44421421E-04  3.40000000E+00  1.52491850E-02  1.66833524E-04  3.40000000E+00  1.88796594E-02  1.55507032E-04  3.40000000E+00  2.01559368E-02  8.31880040E-05  3.40000000E+00  1.67346955E-02  4.13797376E-05  3.40000000E+00  9.16930532E-04  1.85607803E-06  3.40000000E+00  6.38550852E-05  2.00860725E-07
  3.44000000E+00  9.62812210E-03  1.20868251E-04  3.44000000E+00  9.72279159E-03  1.89265927E-04  3.44000000E+00  1.17163888E-02  1.89155247E-04  3.44000000E+00  1.25732652E-02  2.54586661E-04  3.44000000E+00  1.66889937E-02  1.74308640E-04  3.44000000E+00  2.03683763E-02  1.63311669E-04  3.44000000E+00  2.16847469E-02  8.59200429E-05  3.44000000E+00  1.79549822E-02  4.26154738E-05  3.44000000E+00  9.88499907E-04  2.01288454E-06  3.44000000E+00  6.90124720E-05  2.07267983E-07
  3.48000000E+00  1.09052725E-02  1.08504101E-04  3.48000000E+00  1.11360177E-02  1.84841306E-04  3.48000000E+00  1.31490216E-02  1.87090100E-04  3.48000000E+00  1.40472827E-02  2.69304051E-04  3.48000000E+00  1.82064913E-02  1.85140394E-04  3.48000000E+00  2.20377341E-02  1.67935445E-04  3.48000000E+00  2.32030346E-02  8.67283395E-05  3.48000000E+00  1.92322239E-02  4.65995765E-05  3.48000000E+00  1.06408207E-03  2.18309421E-06  3.48000000E+00  7.42744834E-05  2.23117391E-07
  3.52000000E+00  1.22991258E-02  1.26240825E-04  3.52000000E+00  1.27218943E-02  1.85288117E-04  3.52000000E+00  1.48094460E-02  1.91715803E-04  3.52000000E+00  1.56237222E-02  2.72050340E-04  3.52000000E+00  1.98249481E-02  1.85281019E-04  3.52000000E+00  2.36628521E-02  1.68841468E-04  3.52000000E+00  2.48450680E-02  8.52086843E-05  3.52000000E+00  2.05740230E-02  4.76983190E-05  3.52000000E+00  1.14276551E-03  2.36134427E-06  3.52000000E+00  7.97523082E-05  2.40940183E-07
  3.56000000E+00  1.39854941E-02  1.24273411E-04  3.56000000E+00  1.44323069E-02  1.76147372E-04  3.56000000E+00  1.65629352E-02  1.94125001E-04  3.56000000E+00  1.73685560E-02  2.89201022E-04  3.56000000E+00  2.16734276E-02  1.91404669E-04  3.56000000E+00  2.55549938E-02  1.73388523E-04  3.56000000E+00  2.65676825E-02  8.18536386E-05  3.56000000E+00  2.18989283E-02  5.64404419E-05  3.56000000E+00  1.22316639E-03  2.53576512E-06  3.56000000E+00  8.54455943E-05  2.58720948E-07
  3.60000000E+00  1.58263516E-02  1.22646848E-04  3.60000000E+00  1.64085337E-02  1.76587007E-04  3.60000000E+00  1.85754333E-02  1.88349962E-04  3.60000000E+00  1.93222605E-02  3.09081976E-04  3.60000000E+00  2.35745979E-02  2.06434758E-04  3.60000000E+00  2.74257727E-02  1.74332278E-04  3.60000000E+00  2.83483245E-02  8.84190799E-05  3.60000000E+00  2.33055482E-02  5.09961550E-05  3.60000000E+00  1.30683439E-03  2.71926157E-06  3.60000000E+00  9.13451770E-05  2.73690960E-07
  3.64000000E+00  1.77358824E-02  1.31967218E-04  3.64000000E+00  1.85192445E-02  1.63866929E-04  3.64000000E+00  2.07009058E-02  1.95095738E-04  3.64000000E+00  2.14773987E-02  3.21284718E-04  3.64000000E+00  2.57098687E-02  2.09781169E-04  3.64000000E+00  2.93620480E-02  1.74582185E-04  3.64000000E+00  3.01392544E-02  8.53705651E-05  3.64000000E+00  2.47672470E-02  5.30438034E-05  3.64000000E+00  1.39270573E-03  2.88358190E-06  3.64000000E+00  9.72785974E-05  2.92924637E-07
  3.68000000E+00  1.99886157E-02  1.24969448E-04  3.68000000E+00  2.09269157E-02  1.62853066E-04  3.68000000E+00  2.30268357E-02  1.90488770E-04  3.68000000E+00  2.37091204E-02  3.27551143E-04  3.68000000E+00  2.80232564E-02  2.13190867E-04  3.68000000E+00  3.14832402E-02  1.72818486E-04  3.68000000E+00  3.20224431E-02  8.23714204E-05  3.68000000E+00  2.62430441E-02  5.66751933E-05  3.68000000E+00  1.47969331E-03  3.08667557E-06  3.68000000E+00  1.03421394E-04  3.11794507E-07
  3.72000000E+00  2.24135883E-02  1.28971401E-04  3.72000000E+00  2.35180614E-02  1.58834815E-04  3.72000000E+00  2.56186037E-02  1.94655038E-04  3.72000000E+00  2.61150034E-02  3.28870851E-04  3.72000000E+00  3.03396668E-02  2.11674185E-04  3.72000000E+00  3.36799277E-02  1.78720669E-04  3.72000000E+00  3.39610358E-02  8.43341942E-05  3.72000000E+00  2.77249823E-02  6.26514003E-05  3.72000000E+00  1.56792355E-03  3.22461705E-06  3.72000000E+00  1.09540134E-04  3.31762404E-07
  3.76000000E+00  2.49811517E-02  1.22091302E-04  3.76000000E+00  2.63884589E-02  1.48749776E-04  3.76000000E+00  2.82970391E-02  1.87363320E-04  3.76000000E+00  2.87248573E-02  3.38418642E-04  3.76000000E+00  3.27459625E-02  2.16742622E-04  3.76000000E+00  3.58644766E-02  1.71059833E-04  3.76000000E+00  3.58875690E-02  8.44045412E-05  3.76000000E+00  2.92467959E-02  6.28436293E-05  3.76000000E+00  1.65621085E-03  3.42113136E-06  3.76000000E+00  1.15832243E-04  3.51881238E-07
  3.80000000E+00  2.78850985E-02  1.25746712E-04  3.80000000E+00  2.94483167E-02  1.43402587E-04  3.80000000E+00  3.11283720E-02  1.80820229E-04  3.80000000E+00  3.15498845E-02  3.53836083E-04  3.80000000E+00  3.53080706E-02  2.23101179E-04  3.80000000E+00  3.80731033E-02  1.70756401E-04  3.80000000E+00  3.78351171E-02  8.74837359E-05  3.80000000E+00  3.07133578E-02  6.70185994E-05  3.80000000E+00  1.74435228E-03  3.60114685E-06  3.80000000E+00  1.21874089E-04  3.71280557E-07
  3.84000000E+00  3.09649223E-02  1.42419800E-04  3.84000000E+00  3.26656973E-02  1.34491404E-04  3.84000000E+00  3.42771488E-02  1.94716964E-04  3.84000000E+00  3.44835985E-02  3.63932346E-04  3.84000000E+00  3.79998159E-02  2.15375368E-04  3.84000000E+00  4.04636860E-02  1.73898199E-04  3.84000000E+00  3.97689245E-02  8.31637620E-05  3.84000000E+00  3.21742423E-02  6.98518160E-05  3.84000000E+00  1.83058470E-03  3.82692660E-06  3.84000000E+00  1.27982806E-04  3.94628082E-07
  3.88000000E+00  3.42760273E-02  1.36658699E-04  3.88000000E+00  3.61510748E-02  1.33049219E-04  3.88000000E+00  3.75657513E-02  1.91840068E-04  3.88000000E+00  3.75873944E-02  3.52985128E-04  3.88000000E+00  4.06041869E-02  2.24781313E-04  3.88000000E+00  4.28244548E-02  1.68231851E-04  3.88000000E+00  4.16660432E-02  8.49441339E-05  3.88000000E+00  3.36026074E-02  7.06636555E-05  3.88000000E+00  1.91516233E-03  4.04167481E-06  3.88000000E+00  1.33886035E-04  4.13104096E-07
  3.92000000E+00  3.77522810E-02  1.43348124E-04  3.92000000E+00  3.97604046E-02  1.12457910E-04  3.92000000E+00  4.09093323E-02  1.89711961E-04  3.92000000E+00  4.08952625E-02  3.60265624E-04  3.92000000E+00  4.34521243E-02  2.11916228E-04  3.92000000E+00  4.51407608E-02  1.64351723E-04  3.92000000E+00  4.35043059E-02  9.39401500E-05  3.92000000E+00  3.50084518E-02  7.60655725E-05  3.92000000E+00  1.99594413E-03  4.17960462E-06  3.92000000E+00  1.39661662E-04  4.30462393E-07
  3.96000000E+00  4.13212977E-02  1.53130337E-04  3.96000000E+00  4.36289291E-02  1.17196366E-04  3.96000000E+00  4.45191058E-02  1.97082321E-04  3.96000000E+00  4.41489739E-02  3.74167888E-04  3.96000000E+00  4.62675159E-02  2.16900244E-04  3.96000000E+00  4.73936732E-02  1.58421215E-04  3.96000000E+00  4.52794085E-02  1.00257888E-04  3.96000000E+00  3.62892059E-02  7.56070911E-05  3.96000000E+00  2.07289289E-03  4.39452156E-06  3.96000000E+00  1.45075985E-04  4.50087484E-07
  4.00000000E+00  4.52213802E-02  1.43978761E-04  4.00000000E+00  4.76051786E-02  1.26139910E-04  4.00000000E+00  4.80467075E-02  1.81613341E-04  4.00000000E+00  4.76532206E-02  3.69683365E-04  4.00000000E+00  4.90842315E-02  2.16232711E-04  4.00000000E+00  4.97300979E-02  1.46220224E-04  4.00000000E+00  4.68900771E-02  1.00753397E-04  4.00000000E+00  3.75045798E-02  8.17857189E-05  4.00000000E+00  2.14388801E-03  4.58524248E-06  4.00000000E+00  1.50026924E-04  4.66820723E-07
  4.04000000E+00  4.91772757E-02  1.54474661E-04  4.04000000E+00  5.16462585E-02  1.42514973E-04  4.04000000E+00  5.18158627E-02  2.11082743E-04  4.04000000E+00  5.10226199E-02  3.65649192E-04  4.04000000E+00  5.19028202E-02  2.00041765E-04  4.04000000E+00  5.18302968E-02  1.57962979E-04  4.04000000E+00  4.84356113E-02  1.09886782E-04  4.04000000E+00  3.86265560E-02  8.38276543E-05  4.04000000E+00  2.20845886E-03  4.76832253E-06  4.04000000E+00  1.54543605E-04  4.85215840E-07
  4.08000000E+00  5.31314437E-02  1.53820299E-04  4.08000000E+00  5.56514824E-02  1.40594764E-04  4.08000000E+00  5.54506485E-02  2.21839977E-04  4.08000000E+00  5.45173208E-02  3.62805553E-04  4.08000000E+00  5.44481526E-02  1.98052904E-04  4.08000000E+00  5.37801781E-02  1.68036885E-04  4.08000000E+00  4.98004457E-02  1.13404354E-04  4.08000000E+00  3.96043540E-02  8.62731608E-05  4.08000000E+00  2.26478840E-03  4.87378994E-06  4.08000000E+00  1.58440314E-04  4.98221251E-07
  4.12000000E+00  5.71462671E-02  1.56892287E-04  4.12000000E+00  5.98092768E-02  1.51227407E-04  4.12000000E+00  5.90713275E-02  2.33241471E-04  4.12000000E+00  5.78454394E-02  3.64139679E-04  4.12000000E+00  5.68994007E-02  1.85828880E-04  4.12000000E+00  5.56398065E-02  1.56954660E-04  4.12000000E+00  5.09972698E-02  1.22235087E-04  4.12000000E+00  4.04236589E-02  9.23951960E-05  4.12000000E+00  2.31244959E-03  4.96503183E-06  4.12000000E+00  1.61764085E-04  5.11643079E-07
  4.16000000E+00  6.11871056E-02  1.59462861E-04  4.16000000E+00  6.37099621E-02  1.61397395E-04  4.16000000E+00  6.26105622E-02  2.36259000E-04  4.16000000E+00  6.11051568E-02  3.64810979E-04  4.16000000E+00  5.93514195E-02  1.75905804E-04  4.16000000E+00  5.72687410E-02  1.69165267E-04  4.16000000E+00  5.19650760E-02  1.19940653E-04  4.16000000E+00  4.10586848E-02  9.27249841E-05  4.16000000E+00  2.34981655E-03  5.12864194E-06  4.16000000E+00  1.64483618E-04  5.22134636E-07
  4.20000000E+00  6.50404663E-02  1.82434925E-04  4.20000000E+00  6.75603543E-02  1.75881273E-04  4.20000000E+00  6.59282849E-02  2.78470079E-04  4.20000000E+00  6.41456944E-02  3.44241188E-04  4.20000000E+00  6.14840678E-02  1.85914353E-04  4.20000000E+00  5.86536557E-02  1.75360573E-04  4.20000000E+00  5.27006373E-02  1.28801702E-04  4.20000000E+00  4.15069632E-02  9.06070943E-05  4.20000000E+00  2.37670519E-03  5.21160518E-06  4.20000000E+00  1.66221604E-04  5.37963894E-07
  4.24000000E+00  6.88327982E-02  2.07616045E-04  4.24000000E+00  7.11509926E-02  1.84703702E-04  4.24000000E+00  6.90053539E-02  3.10416842E-04  4.24000000E+00  6.70053648E-02  3.52674037E-04  4.24000000E+00  6.31796198E-02  1.90653314E-04  4.24000000E+00  5.98091237E-02  1.73709850E-04  4.24000000E+00  5.32066982E-02  1.22012482E-04  4.24000000E+00  4.17351609E-02  9.70228273E-05  4.24000000E+00  2.39002802E-03  5.24394901E-06  4.24000000E+00  1.67336015E-04  5.42069595E-07
  4.28000000E+00  7.22706625E-02  2.34550120E-04  4.28000000E+00  7.43536880E-02  1.70414302E-04  4.28000000E+00  7.17469866E-02  3.21611550E-04  4.28000000E+00  6.94555616E-02  3.44336765E-04  4.28000000E+00  6.46541500E-02  2.03570815E-04  4.28000000E+00  6.05563063E-02  1.88238911E-04  4.28000000E+00  5.33865797E-02  1.37788992E-04  4.28000000E+00  4.18001992E-02  9.85831008E-05  4.28000000E+00  2.39072367E-03  5.21893579E-06  4.28000000E+00  1.67320643E-04  5.38362208E-07
  4.32000000E+00  7.53584839E-02  2.47468572E-04  4.32000000E+00  7.72596305E-02  1.76413036E-04  4.32000000E+00  7.40431046E-02  3.54683239E-04  4.32000000E+00  7.15210143E-02  3.24610379E-04  4.32000000E+00  6.58264613E-02  2.11280510E-04  4.32000000E+00  6.09738584E-02  1.98566428E-04  4.32000000E+00  5.33110430E-02  1.36719836E-04  4.32000000E+00  4.15686912E-02  9.92416607E-05  4.32000000E+00  2.37766346E-03  5.23603070E-06  4.32000000E+00  1.66323370E-04  5.36070876E-07
  4.36000000E+00  7.80848525E-02  2.74385364E-04  4.36000000E+00  7.95988113E-02  1.81471567E-04  4.36000000E+00  7.58582326E-02  3.79157086E-04  4.36000000E+00  7.29647957E-02  3.14354478E-04  4.36000000E+00  6.65931937E-02  2.30128641E-04  4.36000000E+00  6.10231049E-02  2.05564071E-04  4.36000000E+00  5.29075050E-02  1.40720230E-04  4.36000000E+00  4.11110096E-02  1.02053549E-04  4.36000000E+00  2.35103114E-03  5.26230923E-06  4.36000000E+00  1.64437841E-04  5.32447704E-07
  4.40000000E+00  8.02158984E-02  3.11625234E-04  4.40000000E+00  8.13386930E-02  1.92591403E-04  4.40000000E+00  7.71530990E-02  4.17216150E-04  4.40000000E+00  7.41044311E-02  3.12605651E-04  4.40000000E+00  6.67349094E-02  2.70399847E-04  4.40000000E+00  6.07689178E-02  2.24308134E-04  4.40000000E+00  5.21057224E-02  1.40002518E-04  4.40000000E+00  4.03973492E-02  9.99048432E-05  4.40000000E+00  2.30864597E-03  5.12270934E-06  4.40000000E+00  1.61693097E-04  5.26998332E-07
  4.44000000E+00  8.17237012E-02  3.20231288E-04  4.44000000E+00  8.25280397E-02  2.03832086E-04  4.44000000E+00  7.80039010E-02  4.26417610E-04  4.44000000E+00  7.46003892E-02  3.08332256E-04  4.44000000E+00  6.64404797E-02  2.73768524E-04  4.44000000E+00  5.99916397E-02  2.29528662E-04  4.44000000E+00  5.10368540E-02  1.46001977E-04  4.44000000E+00  3.94478351E-02  1.01955097E-04  4.44000000E+00  2.25201377E-03  4.99018713E-06  4.44000000E+00  1.57630753E-04  5.15245973E-07
  4.48000000E+00  8.26351908E-02  3.49267176E-04  4.48000000E+00  8.27923362E-02  2.03516681E-04  4.48000000E+00  7.80182446E-02  4.65821216E-04  4.48000000E+00  7.45282264E-02  2.99959867E-04  4.48000000E+00  6.56740108E-02  2.87184278E-04  4.48000000E+00  5.87264973E-02  2.39980857E-04  4.48000000E+00  4.96010828E-02  1.35648627E-04  4.48000000E+00  3.82256168E-02  9.73420434E-05  4.48000000E+00  2.18071422E-03  4.82845534E-06  4.48000000E+00  1.52644119E-04  5.00952403E-07
  4.52000000E+00  8.27390149E-02  3.75203499E-04  4.52000000E+00  8.24637490E-02  1.82555819E-04  4.52000000E+00  7.74782891E-02  4.81004012E-04  4.52000000E+00  7.37217956E-02  3.01470684E-04  4.52000000E+00  6.43812317E-02  2.92646946E-04  4.52000000E+00  5.71532363E-02  2.35992805E-04  4.52000000E+00  4.78572483E-02  1.39772374E-04  4.52000000E+00  3.67660805E-02  9.45224124E-05  4.52000000E+00  2.09698409E-03  4.62664097E-06  4.52000000E+00  1.46818416E-04  4.83735386E-07
  4.56000000E+00  8.18557388E-02  3.81052881E-04  4.56000000E+00  8.12828551E-02  1.90453477E-04  4.56000000E+00  7.61978414E-02  4.99573488E-04  4.56000000E+00  7.23423818E-02  2.85725038E-04  4.56000000E+00  6.25340605E-02  2.99488228E-04  4.56000000E+00  5.51806020E-02  2.45434784E-04  4.56000000E+00  4.58515051E-02  1.41103855E-04  4.56000000E+00  3.51058415E-02  9.06928529E-05  4.56000000E+00  2.00001153E-03  4.43027198E-06  4.56000000E+00  1.40005198E-04  4.63431425E-07
  4.60000000E+00  8.03073768E-02  3.92978168E-04  4.60000000E+00  7.93974920E-02  1.71323973E-04  4.60000000E+00  7.42390224E-02  4.83351163E-04  4.60000000E+00  7.02735406E-02  2.90152849E-04  4.60000000E+00  6.02450222E-02  3.12611207E-04  4.60000000E+00  5.28350192E-02  2.41803917E-04  4.60000000E+00  4.35004462E-02  1.39789916E-04  4.60000000E+00  3.32313453E-02  8.97877828E-05  4.60000000E+00  1.89103112E-03  4.20406765E-06  4.60000000E+00  1.32504469E-04  4.39948256E-07
  4.64000000E+00  7.81333037E-02  3.77822058E-04  4.64000000E+00  7.67328186E-02  1.67377179E-04  4.64000000E+00  7.15421664E-02  4.80269806E-04  4.64000000E+00  6.75778652E-02  2.85538897E-04  4.64000000E+00  5.74436672E-02  3.06676529E-04  4.64000000E+00  5.00019915E-02  2.43443349E-04  4.64000000E+00  4.09161719E-02  1.33469912E-04  4.64000000E+00  3.11602148E-02  8.45521176E-05  4.64000000E+00  1.77257527E-03  3.95330627E-06  4.64000000E+00  1.24213643E-04  4.14485428E-07
  4.68000000E+00  7.50929901E-02  3.94292857E-04  4.68000000E+00  7.32675981E-02  1.47597580E-04  4.68000000E+00  6.81470817E-02  4.66677010E-04  4.68000000E+00  6.43070958E-02  2.81007662E-04  4.68000000E+00  5.41879822E-02  3.12748306E-04  4.68000000E+00  4.69316542E-02  2.38349211E-04  4.68000000E+00  3.81371720E-02  1.22209752E-04  4.68000000E+00  2.89391473E-02  7.66455476E-05  4.68000000E+00  1.64569477E-03  3.62611509E-06  4.68000000E+00  1.15231416E-04  3.91522770E-07
  4.72000000E+00  7.13201204E-02  3.74874177E-04  4.72000000E+00  6.92184077E-02  1.47475571E-04  4.72000000E+00  6.42881179E-02  4.53699332E-04  4.72000000E+00  6.05687106E-02  2.76887731E-04  4.72000000E+00  5.06651083E-02  2.98959904E-04  4.72000000E+00  4.35776598E-02  2.23051637E-04  4.72000000E+00  3.51614944E-02  1.15787605E-04  4.72000000E+00  2.66103353E-02  7.27384449E-05  4.72000000E+00  1.51301847E-03  3.36738562E-06  4.72000000E+00  1.05981075E-04  3.55513162E-07
  4.76000000E+00  6.69719216E-02  3.54461172E-04  4.76000000E+00  6.47273722E-02  1.19428430E-04  4.76000000E+00  5.98977976E-02  4.24983580E-04  4.76000000E+00  5.62998732E-02  2.62955206E-04  4.76000000E+00  4.67800311E-02  2.83144999E-04  4.76000000E+00  3.99025728E-02  2.16178740E-04  4.76000000E+00  3.21235022E-02  1.12783495E-04  4.76000000E+00  2.42346819E-02  6.64006919E-05  4.76000000E+00  1.37605064E-03  3.03358084E-06  4.76000000E+00  9.64587101E-05  3.24209707E-07
  4.80000000E+00  6.21214152E-02  3.52386695E-04  4.80000000E+00  5.96919453E-02  1.28910980E-04  4.80000000E+00  5.51606483E-02  3.92586135E-04  4.80000000E+00  5.18489457E-02  2.67440704E-04  4.80000000E+00  4.26142910E-02  2.62372260E-04  4.80000000E+00  3.62731634E-02  2.02753007E-04  4.80000000E+00  2.89700985E-02  1.04927587E-04  4.80000000E+00  2.18150594E-02  6.07926171E-05  4.80000000E+00  1.23802468E-03  2.75317794E-06  4.80000000E+00  8.68135138E-05  2.92399222E-07
  4.84000000E+00  5.68656133E-02  3.11276568E-04  4.84000000E+00  5.43160775E-02  1.25269690E-04  4.84000000E+00  5.00502917E-02  3.75070979E-04  4.84000000E+00  4.69344222E-02  2.54312002E-04  4.84000000E+00  3.85242731E-02  2.33045429E-04  4.84000000E+00  3.25096519E-02  1.91144230E-04  4.84000000E+00  2.58670250E-02  9.60817935E-05  4.84000000E+00  1.94062550E-02  5.44423031E-05  4.84000000E+00  1.09985498E-03  2.42973410E-06  4.84000000E+00  7.70842668E-05  2.60273427E-07
  4.88000000E+00  5.12509509E-02  2.99355189E-04  4.88000000E+00  4.88188815E-02  1.13788035E-04  4.88000000E+00  4.49261227E-02  3.54482550E-04  4.88000000E+00  4.21054067E-02  2.38621199E-04  4.88000000E+00  3.42419094E-02  2.15553596E-04  4.88000000E+00  2.87240096E-02  1.75554437E-04  4.88000000E+00  2.27695402E-02  8.62585483E-05  4.88000000E+00  1.70298874E-02  4.68016140E-05  4.88000000E+00  9.65522687E-04  2.12530455E-06  4.88000000E+00  6.76874280E-05  2.29497963E-07
  4.92000000E+00  4.55756268E-02  2.79042227E-04  4.92000000E+00  4.31243721E-02  1.05784511E-04  4.92000000E+00  3.96102425E-02  3.21762497E-04  4.92000000E+00  3.70401134E-02  2.10562405E-04  4.92000000E+00  3.00464619E-02  1.95862714E-04  4.92000000E+00  2.50675051E-02  1.58296515E-04  4.92000000E+00  1.97804720E-02  7.84898042E-05  4.92000000E+00  1.47322547E-02  4.15603849E-05  4.92000000E+00  8.35947717E-04  1.83923924E-06  4.92000000E+00  5.85596630E-05  2.00701255E-07
  4.96000000E+00  3.98550802E-02  2.52167456E-04  4.96000000E+00  3.75842035E-02  9.35990003E-05  4.96000000E+00  3.45156151E-02  2.79657055E-04  4.96000000E+00  3.21693785E-02  2.06296954E-04  4.96000000E+00  2.60061702E-02  1.70144495E-04  4.96000000E+00  2.15528714E-02  1.38216237E-04  4.96000000E+00  1.68805066E-02  6.89395450E-05  4.96000000E+00  1.25890378E-02  3.56702510E-05  4.96000000E+00  7.13285002E-04  1.54182351E-06  4.96000000E+00  4.99693853E-05  1.74094172E-07
  5.00000000E+00  3.42641307E-02  2.15899929E-04  5.00000000E+00  3.22506618E-02  8.90775925E-05  5.00000000E+00  2.94454532E-02  2.47646519E-04  5.00000000E+00  2.74478784E-02  1.86946909E-04  5.00000000E+00  2.20712052E-02  1.50764744E-04  5.00000000E+00  1.82521382E-02  1.25528580E-04  5.00000000E+00  1.42720535E-02  6.44832212E-05  5.00000000E+00  1.05974144E-02  3.07927451E-05  5.00000000E+00  5.99647229E-04  1.31916486E-06  5.00000000E+00  4.20337970E-05  1.44258768E-07
  5.04000000E+00  2.88651502E-02  2.09604538E-04  5.04000000E+00  2.71518190E-02  8.94267122E-05  5.04000000E+00  2.47747597E-02  2.09303089E-04  5.04000000E+00  2.30381274E-02  1.56043731E-04  5.04000000E+00  1.84707756E-02  1.24874409E-04  5.04000000E+00  1.51940517E-02  1.09574111E-04  5.04000000E+00  1.18158918E-02  5.35620271E-05  5.04000000E+00  8.77129252E-03  2.65042691E-05  5.04000000E+00  4.95834682E-04  1.06058741E-06  5.04000000E+00  3.47473740E-05  1.19931608E-07
  5.08000000E+00  2.39891545E-02  1.74532632E-04  5.08000000E+00  2.23836721E-02  7.37814492E-05  5.08000000E+00  2.04787591E-02  1.76031087E-04  5.08000000E+00  1.89706302E-02  1.31061850E-04  5.08000000E+00  1.51306206E-02  1.08920566E-04  5.08000000E+00  1.24185002E-02  9.12315620E-05  5.08000000E+00  9.61892719E-03  4.43870394E-05  5.08000000E+00  7.11850134E-03  2.11054495E-05  5.08000000E+00  4.02925205E-04  8.97271654E-07  5.08000000E+00  2.82284946E-05  9.89892255E-08
  5.12000000E+00  1.94964733E-02  1.46963810E-04  5.12000000E+00  1.81702970E-02  6.89291786E-05  5.12000000E+00  1.65379813E-02  1.43000712E-04  5.12000000E+00  1.53597942E-02  1.16370183E-04  5.12000000E+00  1.22151223E-02  9.41652269E-05  5.12000000E+00  9.99384293E-03  7.32590003E-05  5.12000000E+00  7.68363434E-03  3.70007599E-05  5.12000000E+00  5.67365383E-03  1.75126082E-05  5.12000000E+00  3.21410522E-04  6.99788561E-07  5.12000000E+00  2.25376652E-05  7.99262878E-08
  5.16000000E+00  1.55243894E-02  1.17014467E-04  5.16000000E+00  1.43867028E-02  5.88365173E-05  5.16000000E+00  1.31387271E-02  1.20064484E-04  5.16000000E+00  1.20860150E-02  9.58725761E-05  5.16000000E+00  9.62498812E-03  7.42887004E-05  5.16000000E+00  7.81585430E-03  6.03060274E-05  5.16000000E+00  6.04297116E-03  2.97750073E-05  5.16000000E+00  4.43958132E-03  1.40880726E-05  5.16000000E+00  2.50996120E-04  5.47069169E-07  5.16000000E+00  1.75832661E-05  6.37557076E-08
  5.20000000E+00  1.20846041E-02  9.76499762E-05  5.20000000E+00  1.11547310E-02  5.10112787E-05  5.20000000E+00  1.01694340E-02  9.65631964E-05  5.20000000E+00  9.42349049E-03  7.87842751E-05  5.20000000E+00  7.44418763E-03  5.75077455E-05  5.20000000E+00  6.00967929E-03  4.98104880E-05  5.20000000E+00  4.61316542E-03  2.56709871E-05  5.20000000E+00  3.38410683E-03  1.21103579E-05  5.20000000E+00  1.92071442E-04  4.31144889E-07  5.20000000E+00  1.34542393E-05  5.00132554E-08
  5.24000000E+00  9.15938879E-03  7.11324413E-05  5.24000000E+00  8.43712457E-03  4.29589508E-05  5.24000000E+00  7.69974623E-03  7.20181241E-05  5.24000000E+00  7.05397369E-03  6.03770732E-05  5.24000000E+00  5.56476572E-03  4.54986306E-05  5.24000000E+00  4.51957970E-03  3.63295039E-05  5.24000000E+00  3.45473477E-03  2.03561383E-05  5.24000000E+00  2.53678048E-03  8.92364474E-06  5.24000000E+00  1.43544808E-04  3.12772451E-07  5.24000000E+00  1.00521294E-05  3.88344285E-08
  5.28000000E+00  6.79111699E-03  5.19209250E-05  5.28000000E+00  6.21977975E-03  4.17343505E-05  5.28000000E+00  5.66890548E-03  5.43493548E-05  5.28000000E+00  5.20337498E-03  4.74685842E-05  5.28000000E+00  4.11389600E-03  3.66769976E-05  5.28000000E+00  3.31701936E-03  2.85837120E-05  5.28000000E+00  2.50794279E-03  1.52268420E-05  5.28000000E+00  1.84388003E-03  6.39244011E-06  5.28000000E+00  1.04616868E-04  2.37670634E-07  5.28000000E+00  7.30535603E-06  2.91650153E-08
  5.32000000E+00  4.89830588E-03  4.26103509E-05  5.32000000E+00  4.47572321E-03  3.32396062E-05  5.32000000E+00  4.05932113E-03  4.07202089E-05  5.32000000E+00  3.73114402E-03  3.35524774E-05  5.32000000E+00  2.91971744E-03  2.77034342E-05  5.32000000E+00  2.35595318E-03  2.01621779E-05  5.32000000E+00  1.77513919E-03  1.15446754E-05  5.32000000E+00  1.31015926E-03  5.45124043E-06  5.32000000E+00  7.42633536E-05  1.74584225E-07  5.32000000E+00  5.20971949E-06  2.18918863E-08
  5.36000000E+00  3.41098665E-03  3.30293385E-05  5.36000000E+00  3.10880876E-03  2.55759172E-05  5.36000000E+00  2.83140797E-03  3.13362140E-05  5.36000000E+00  2.61097601E-03  2.58461507E-05  5.36000000E+00  2.03932878E-03  2.22085771E-05  5.36000000E+00  1.62450208E-03  1.83258211E-05  5.36000000E+00  1.22647669E-03  9.52126026E-06  5.36000000E+00  9.02590733E-04  3.74266041E-06  5.36000000E+00  5.11871998E-05  1.25263998E-07  5.36000000E+00  3.58077322E-06  1.65183275E-08
  5.40000000E+00  2.33603124E-03  2.39446972E-05  5.40000000E+00  2.08987481E-03  1.87892996E-05  5.40000000E+00  1.89620640E-03  2.02830989E-05  5.40000000E+00  1.73841996E-03  1.68571887E-05  5.40000000E+00  1.37107435E-03  1.44887127E-05  5.40000000E+00  1.09527457E-03  1.34656074E-05  5.40000000E+00  8.19081937E-04  6.93448433E-06  5.40000000E+00  5.99379285E-04  3.01674445E-06  5.40000000E+00  3.41750297E-05  9.13157858E-08  5.40000000E+00  2.38808762E-06  1.22125913E-08
  5.44000000E+00  1.51238466E-03  1.77365350E-05  5.44000000E+00  1.35401791E-03  1.67423568E-05  5.44000000E+00  1.23281665E-03  1.41950139E-05  5.44000000E+00  1.14599728E-03  1.36002530E-05  5.44000000E+00  8.86130535E-04  1.14025158E-05  5.44000000E+00  7.05614343E-04  8.91112579E-06  5.44000000E+00  5.34488074E-04  5.19347331E-06  5.44000000E+00  3.89631860E-04  2.19391381E-06  5.44000000E+00  2.20731233E-05  6.07118938E-08  5.44000000E+00  1.54639140E-06  9.38969173E-09
  5.48000000E+00  9.64792965E-04  1.29882985E-05  5.48000000E+00  8.45495569E-04  1.07771350E-05  5.48000000E+00  7.80079700E-04  9.40252993E-06  5.48000000E+00  7.14406783E-04  8.39513800E-06  5.48000000E+00  5.66466031E-04  7.46743450E-06  5.48000000E+00  4.45408682E-04  6.95395828E-06  5.48000000E+00  3.27189963E-04  3.76293832E-06  5.48000000E+00  2.41891498E-04  1.51839925E-06  5.48000000E+00  1.37490541E-05  4.52878150E-08  5.48000000E+00  9.64224308E-07  6.53220791E-09
  5.52000000E+00  5.77853688E-04  9.61718223E-06  5.52000000E+00  5.09084393E-04  8.26213706E-06  5.52000000E+00  4.70217895E-04  6.68143483E-06  5.52000000E+00  4.37839711E-04  6.54623826E-06  5.52000000E+00  3.32309914E-04  5.47183948E-06  5.52000000E+00  2.64610085E-04  4.41579918E-06  5.52000000E+00  1.93928127E-04  2.65317637E-06  5.52000000E+00  1.45155637E-04  1.06680503E-06  5.52000000E+00  8.23478018E-06  3.39918966E-08  5.52000000E+00  5.74072454E-07  5.32240712E-09
  5.56000000E+00  3.38451183E-04  6.26563816E-06  5.56000000E+00  2.99803773E-04  5.36819307E-06  5.56000000E+00  2.72539580E-04  4.85403206E-06  5.56000000E+00  2.48375067E-04  4.45947689E-06  5.56000000E+00  1.94420571E-04  3.79394545E-06  5.56000000E+00  1.54919805E-04  2.96487856E-06  5.56000000E+00  1.13779011E-04  1.90519948E-06  5.56000000E+00  8.36857464E-05  8.84541630E-07  5.56000000E+00  4.71048432E-06  2.20446731E-08  5.56000000E+00  3.27254508E-07  3.40063826E-09
  5.60000000E+00  1.82622898E-04  4.29082753E-06  5.60000000E+00  1.64167990E-04  4.06633899E-06  5.60000000E+00  1.49054016E-04  3.43040345E-06  5.60000000E+00  1.35492987E-04  3.27860050E-06  5.60000000E+00  1.08209718E-04  2.47709230E-06  5.60000000E+00  8.68640075E-05  2.15674146E-06  5.60000000E+00  6.26692738E-05  1.33936020E-06  5.60000000E+00  4.59710166E-05  6.13594211E-07  5.60000000E+00  2.57972605E-06  1.48585182E-08  5.60000000E+00  1.81980368E-07  2.44382925E-09
  5.64000000E+00  9.83476841E-05  3.09518883E-06  5.64000000E+00  8.62205598E-05  2.73302705E-06  5.64000000E+00  7.95766277E-05  2.45384153E-06  5.64000000E+00  7.57186558E-05  2.18267208E-06  5.64000000E+00  5.51836983E-05  2.02910310E-06  5.64000000E+00  4.38093733E-05  1.49903832E-06  5.64000000E+00  3.24099899E-05  1.00900703E-06  5.64000000E+00  2.35923746E-05  3.70817337E-07  5.64000000E+00  1.35150104E-06  1.01486267E-08  5.64000000E+00  9.70339007E-08  1.87515162E-09
  5.68000000E+00  4.59634492E-05  2.15693606E-06  5.68000000E+00  3.93371695E-05  1.56414538E-06  5.68000000E+00  3.62616265E-05  1.55068412E-06  5.68000000E+00  3.84039105E-05  1.49436449E-06  5.68000000E+00  2.84495386E-05  1.20326692E-06  5.68000000E+00  1.95970042E-05  1.03129216E-06  5.68000000E+00  1.64192224E-05  6.50149882E-07  5.68000000E+00  1.14811185E-05  2.50937928E-07  5.68000000E+00  6.58633414E-07  6.45134557E-09  5.68000000E+00  4.89303723E-08  1.31939628E-09
  5.72000000E+00  2.20901868E-05  1.22108397E-06  5.72000000E+00  2.04299424E-05  1.22395586E-06  5.72000000E+00  1.74433550E-05  9.67579500E-07  5.72000000E+00  1.82511920E-05  1.04412583E-06  5.72000000E+00  1.47225528E-05  9.94867998E-07  5.72000000E+00  1.03640776E-05  6.91015744E-07  5.72000000E+00  7.01321177E-06  4.03130885E-07  5.72000000E+00  5.20513031E-06  1.61090485E-07  5.72000000E+00  3.11089686E-07  4.84529573E-09  5.72000000E+00  2.29360573E-08  8.91514658E-10
  5.76000000E+00  9.21009240E-06  8.28441935E-07  5.76000000E+00  7.46726327E-06  6.59182113E-07  5.76000000E+00  6.85475882E-06  5.65540536E-07  5.76000000E+00  7.92622011E-06  6.71064684E-07  5.76000000E+00  4.54920865E-06  4.33747335E-07  5.76000000E+00  4.51365841E-06  3.94128411E-07  5.76000000E+00  3.12741311E-06  2.69058010E-07  5.76000000E+00  2.39360987E-06  1.13795883E-07  5.76000000E+00  1.31222975E-07  2.89379736E-09  5.76000000E+00  9.17481436E-09  5.46071939E-10
  5.80000000E+00  3.73139090E-06  5.25415684E-07  5.80000000E+00  3.73595639E-06  4.27214468E-07  5.80000000E+00  3.28099811E-06  4.25235443E-07  5.80000000E+00  2.72463006E-06  3.34925539E-07  5.80000000E+00  2.53162696E-06  3.30259605E-07  5.80000000E+00  1.78247006E-06  2.71256002E-07  5.80000000E+00  1.21257737E-06  1.75483912E-07  5.80000000E+00  9.59210449E-07  7.40640843E-08  5.80000000E+00  5.37407722E-08  1.90039634E-09  5.80000000E+00  3.71908458E-09  3.45159231E-10
  5.84000000E+00  1.52097590E-06  2.40262865E-07  5.84000000E+00  1.74484965E-06  4.04520816E-07  5.84000000E+00  1.49228079E-06  2.51482871E-07  5.84000000E+00  1.08814235E-06  2.08731407E-07  5.84000000E+00  1.16449273E-06  2.37344294E-07  5.84000000E+00  7.73168477E-07  1.86727650E-07  5.84000000E+00  4.54216042E-07  1.06862497E-07  5.84000000E+00  3.85877030E-07  4.39541620E-08  5.84000000E+00  1.76537053E-08  9.33047109E-10  5.84000000E+00  1.55352606E-09  2.31924998E-10
  5.88000000E+00  4.14217684E-07  1.54473402E-07  5.88000000E+00  4.52817552E-07  1.40059823E-07  5.88000000E+00  7.24981118E-07  1.87161144E-07  5.88000000E+00  3.12037347E-07  9.21977956E-08  5.88000000E+00  3.42600259E-07  1.05219134E-07  5.88000000E+00  1.70242114E-07  8.19024690E-08  5.88000000E+00  1.59251528E-07  6.09725678E-08  5.88000000E+00  1.00363884E-07  1.89148580E-08  5.88000000E+00  5.71878778E-09  5.24375067E-10  5.88000000E+00  4.85557453E-10  9.84850805E-11
  5.92000000E+00  7.27128305E-08  3.73965696E-08  5.92000000E+00  1.60377899E-07  9.58157511E-08  5.92000000E+00  2.07274180E-07  9.61804865E-08  5.92000000E+00  3.64723565E-08  2.54113504E-08  5.92000000E+00  1.89787576E-07  6.89816447E-08  5.92000000E+00  8.60684960E-08  5.17381122E-08  5.92000000E+00  4.94026502E-08  3.50805842E-08  5.92000000E+00  4.53051713E-08  1.55759867E-08  5.92000000E+00  1.88628081E-09  3.06656103E-10  5.92000000E+00  1.07175046E-10  5.84416088E-11
  5.96000000E+00  2.08384456E-08  1.89680680E-08  5.96000000E+00  9.20952205E-09  9.30716765E-09  5.96000000E+00  5.07619750E-08  2.99548722E-08  5.96000000E+00  0.00000000E+00  0.00000000E+00  5.96000000E+00  1.30662025E-07  1.32165381E-07  5.96000000E+00  1.00446472E-07  9.31359188E-08  5.96000000E+00  0.00000000E+00  0.00000000E+00  5.96000000E+00  1.18296031E-08  5.99229770E-09  5.96000000E+00  4.89707518E-10  1.21021447E-10  5.96000000E+00  0.00000000E+00  0.00000000E+00
  6.00000000E+00  2.11019256E-08  2.11582189E-08  6.00000000E+00  0.00000000E+00  0.00000000E+00  6.00000000E+00  0.00000000E+00  0.00000000E+00  6.00000000E+00  0.00000000E+00  0.00000000E+00  6.00000000E+00  0.00000000E+00  0.00000000E+00  6.00000000E+00  0.00000000E+00  0.00000000E+00  6.00000000E+00  0.00000000E+00  0.00000000E+00  6.00000000E+00  0.00000000E+00  0.00000000E+00  6.00000000E+00  1.05750793E-11  1.07575270E-11  6.00000000E+00  2.11501586E-11  2.15150539E-11
  6.04000000E+00  0.00000000E+00  0.00000000E+00  6.04000000E+00  0.00000000E+00  0.00000000E+00  6.04000000E+00  0.00000000E+00  0.00000000E+00  6.04000000E+00  0.00000000E+00  0.00000000E+00  6.04000000E+00  3.37832943E-08  3.41719941E-08  6.04000000E+00  0.00000000E+00  0.00000000E+00  6.04000000E+00  0.00000000E+00  0.00000000E+00  6.04000000E+00  0.00000000E+00  0.00000000E+00  6.04000000E+00  3.15158303E-11  2.36915443E-11  6.04000000E+00  0.00000000E+00  0.00000000E+00
  6.08000000E+00  0.00000000E+00  0.00000000E+00  6.08000000E+00  0.00000000E+00  0.00000000E+00  6.08000000E+00  0.00000000E+00  0.00000000E+00  6.08000000E+00  0.00000000E+00  0.00000000E+00  6.08000000E+00  0.00000000E+00  0.00000000E+00  6.08000000E+00  0.00000000E+00  0.00000000E+00  6.08000000E+00  0.00000000E+00  0.00000000E+00  6.08000000E+00  0.00000000E+00  0.00000000E+00  6.08000000E+00  0.00000000E+00  0.00000000E+00  6.08000000E+00  0.00000000E+00  0.00000000E+00
  6.12000000E+00  0.00000000E+00  0.00000000E+00  6.12000000E+00  0.00000000E+00  0.00000000E+00  6.12000000E+00  0.00000000E+00  0.00000000E+00  6.12000000E+00  0.00000000E+00  0.00000000E+00  6.12000000E+00  0.00000000E+00  0.00000000E+00  6.12000000E+00  0.00000000E+00  0.00000000E+00  6.12000000E+00  0.00000000E+00  0.00000000E+00  6.12000000E+00  0.00000000E+00  0.00000000E+00  6.12000000E+00  0.00000000E+00  0.00000000E+00  6.12000000E+00  0.00000000E+00  0.00000000E+00
  6.16000000E+00  0.00000000E+00  0.00000000E+00  6.16000000E+00  0.00000000E+00  0.00000000E+00  6.16000000E+00  0.00000000E+00  0.00000000E+00  6.16000000E+00  0.00000000E+00  0.00000000E+00  6.16000000E+00  0.00000000E+00  0.00000000E+00  6.16000000E+00  0.00000000E+00  0.00000000E+00  6.16000000E+00  0.00000000E+00  0.00000000E+00  6.16000000E+00  0.00000000E+00  0.00000000E+00  6.16000000E+00  0.00000000E+00  0.00000000E+00  6.16000000E+00  0.00000000E+00  0.00000000E+00
  6.20000000E+00  0.00000000E+00  0.00000000E+00  6.20000000E+00  0.00000000E+00  0.00000000E+00  6.20000000E+00  0.00000000E+00  0.00000000E+00  6.20000000E+00  0.00000000E+00  0.00000000E+00  6.20000000E+00  0.00000000E+00  0.00000000E+00  6.20000000E+00  0.00000000E+00  0.00000000E+00  6.20000000E+00  0.00000000E+00  0.00000000E+00  6.20000000E+00  0.00000000E+00  0.00000000E+00  6.20000000E+00  0.00000000E+00  0.00000000E+00  6.20000000E+00  0.00000000E+00  0.00000000E+00
  6.24000000E+00  0.00000000E+00  0.00000000E+00  6.24000000E+00  0.00000000E+00  0.00000000E+00  6.24000000E+00  0.00000000E+00  0.00000000E+00  6.24000000E+00  0.00000000E+00  0.00000000E+00  6.24000000E+00  0.00000000E+00  0.00000000E+00  6.24000000E+00  0.00000000E+00  0.00000000E+00  6.24000000E+00  0.00000000E+00  0.00000000E+00  6.24000000E+00  0.00000000E+00  0.00000000E+00  6.24000000E+00  0.00000000E+00  0.00000000E+00  6.24000000E+00  0.00000000E+00  0.00000000E+00
  6.28000000E+00  0.00000000E+00  0.00000000E+00  6.28000000E+00  0.00000000E+00  0.00000000E+00  6.28000000E+00  0.00000000E+00  0.00000000E+00  6.28000000E+00  0.00000000E+00  0.00000000E+00  6.28000000E+00  0.00000000E+00  0.00000000E+00  6.28000000E+00  0.00000000E+00  0.00000000E+00  6.28000000E+00  0.00000000E+00  0.00000000E+00  6.28000000E+00  0.00000000E+00  0.00000000E+00  6.28000000E+00  0.00000000E+00  0.00000000E+00  6.28000000E+00  0.00000000E+00  0.00000000E+00
  6.32000000E+00  0.00000000E+00  0.00000000E+00  6.32000000E+00  0.00000000E+00  0.00000000E+00  6.32000000E+00  0.00000000E+00  0.00000000E+00  6.32000000E+00  0.00000000E+00  0.00000000E+00  6.32000000E+00  0.00000000E+00  0.00000000E+00  6.32000000E+00  0.00000000E+00  0.00000000E+00  6.32000000E+00  0.00000000E+00  0.00000000E+00  6.32000000E+00  0.00000000E+00  0.00000000E+00  6.32000000E+00  0.00000000E+00  0.00000000E+00  6.32000000E+00  0.00000000E+00  0.00000000E+00
  6.36000000E+00  0.00000000E+00  0.00000000E+00  6.36000000E+00  0.00000000E+00  0.00000000E+00  6.36000000E+00  0.00000000E+00  0.00000000E+00  6.36000000E+00  0.00000000E+00  0.00000000E+00  6.36000000E+00  0.00000000E+00  0.00000000E+00  6.36000000E+00  0.00000000E+00  0.00000000E+00  6.36000000E+00  0.00000000E+00  0.00000000E+00  6.36000000E+00  0.00000000E+00  0.00000000E+00  6.36000000E+00  0.00000000E+00  0.00000000E+00  6.36000000E+00  0.00000000E+00  0.00000000E+00
  6.40000000E+00  0.00000000E+00  0.00000000E+00  6.40000000E+00  0.00000000E+00  0.00000000E+00  6.40000000E+00  0.00000000E+00  0.00000000E+00  6.40000000E+00  0.00000000E+00  0.00000000E+00  6.40000000E+00  0.00000000E+00  0.00000000E+00  6.40000000E+00  0.00000000E+00  0.00000000E+00  6.40000000E+00  0.00000000E+00  0.00000000E+00  6.40000000E+00  0.00000000E+00  0.00000000E+00  6.40000000E+00  0.00000000E+00  0.00000000E+00  6.40000000E+00  0.00000000E+00  0.00000000E+00
  6.44000000E+00  0.00000000E+00  0.00000000E+00  6.44000000E+00  0.00000000E+00  0.00000000E+00  6.44000000E+00  0.00000000E+00  0.00000000E+00  6.44000000E+00  0.00000000E+00  0.00000000E+00  6.44000000E+00  0.00000000E+00  0.00000000E+00  6.44000000E+00  0.00000000E+00  0.00000000E+00  6.44000000E+00  0.00000000E+00  0.00000000E+00  6.44000000E+00  0.00000000E+00  0.00000000E+00  6.44000000E+00  0.00000000E+00  0.00000000E+00  6.44000000E+00  0.00000000E+00  0.00000000E+00
  6.48000000E+00  0.00000000E+00  0.00000000E+00  6.48000000E+00  0.00000000E+00  0.00000000E+00  6.48000000E+00  0.00000000E+00  0.00000000E+00  6.48000000E+00  0.00000000E+00  0.00000000E+00  6.48000000E+00  0.00000000E+00  0.00000000E+00  6.48000000E+00  0.00000000E+00  0.00000000E+00  6.48000000E+00  0.00000000E+00  0.00000000E+00  6.48000000E+00  0.00000000E+00  0.00000000E+00  6.48000000E+00  0.00000000E+00  0.00000000E+00  6.48000000E+00  0.00000000E+00  0.00000000E+00
  6.52000000E+00  0.00000000E+00  0.00000000E+00  6.52000000E+00  0.00000000E+00  0.00000000E+00  6.52000000E+00  0.00000000E+00  0.00000000E+00  6.52000000E+00  0.00000000E+00  0.00000000E+00  6.52000000E+00  0.00000000E+00  0.00000000E+00  6.52000000E+00  0.00000000E+00  0.00000000E+00  6.52000000E+00  0.00000000E+00  0.00000000E+00  6.52000000E+00  0.00000000E+00  0.00000000E+00  6.52000000E+00  0.00000000E+00  0.00000000E+00  6.52000000E+00  0.00000000E+00  0.00000000E+00
  6.56000000E+00  0.00000000E+00  0.00000000E+00  6.56000000E+00  0.00000000E+00  0.00000000E+00  6.56000000E+00  0.00000000E+00  0.00000000E+00  6.56000000E+00  0.00000000E+00  0.00000000E+00  6.56000000E+00  0.00000000E+00  0.00000000E+00  6.56000000E+00  0.00000000E+00  0.00000000E+00  6.56000000E+00  0.00000000E+00  0.00000000E+00  6.56000000E+00  0.00000000E+00  0.00000000E+00  6.56000000E+00  0.00000000E+00  0.00000000E+00  6.56000000E+00  0.00000000E+00  0.00000000E+00
  6.60000000E+00  0.00000000E+00  0.00000000E+00  6.60000000E+00  0.00000000E+00  0.00000000E+00  6.60000000E+00  0.00000000E+00  0.00000000E+00  6.60000000E+00  0.00000000E+00  0.00000000E+00  6.60000000E+00  0.00000000E+00  0.00000000E+00  6.60000000E+00  0.00000000E+00  0.00000000E+00  6.60000000E+00  0.00000000E+00  0.00000000E+00  6.60000000E+00  0.00000000E+00  0.00000000E+00  6.60000000E+00  0.00000000E+00  0.00000000E+00  6.60000000E+00  0.00000000E+00  0.00000000E+00
  6.64000000E+00  0.00000000E+00  0.00000000E+00  6.64000000E+00  0.00000000E+00  0.00000000E+00  6.64000000E+00  0.00000000E+00  0.00000000E+00  6.64000000E+00  0.00000000E+00  0.00000000E+00  6.64000000E+00  0.00000000E+00  0.00000000E+00  6.64000000E+00  0.00000000E+00  0.00000000E+00  6.64000000E+00  0.00000000E+00  0.00000000E+00  6.64000000E+00  0.00000000E+00  0.00000000E+00  6.64000000E+00  0.00000000E+00  0.00000000E+00  6.64000000E+00  0.00000000E+00  0.00000000E+00
  6.68000000E+00  0.00000000E+00  0.00000000E+00  6.68000000E+00  0.00000000E+00  0.00000000E+00  6.68000000E+00  0.00000000E+00  0.00000000E+00  6.68000000E+00  0.00000000E+00  0.00000000E+00  6.68000000E+00  0.00000000E+00  0.00000000E+00  6.68000000E+00  0.00000000E+00  0.00000000E+00  6.68000000E+00  0.00000000E+00  0.00000000E+00  6.68000000E+00  0.00000000E+00  0.00000000E+00  6.68000000E+00  0.00000000E+00  0.00000000E+00  6.68000000E+00  0.00000000E+00  0.00000000E+00
  6.72000000E+00  0.00000000E+00  0.00000000E+00  6.72000000E+00  0.00000000E+00  0.00000000E+00  6.72000000E+00  0.00000000E+00  0.00000000E+00  6.72000000E+00  0.00000000E+00  0.00000000E+00  6.72000000E+00  0.00000000E+00  0.00000000E+00  6.72000000E+00  0.00000000E+00  0.00000000E+00  6.72000000E+00  0.00000000E+00  0.00000000E+00  6.72000000E+00  0.00000000E+00  0.00000000E+00  6.72000000E+00  0.00000000E+00  0.00000000E+00  6.72000000E+00  0.00000000E+00  0.00000000E+00
  6.76000000E+00  0.00000000E+00  0.00000000E+00  6.76000000E+00  0.00000000E+00  0.00000000E+00  6.76000000E+00  0.00000000E+00  0.00000000E+00  6.76000000E+00  0.00000000E+00  0.00000000E+00  6.76000000E+00  0.00000000E+00  0.00000000E+00  6.76000000E+00  0.00000000E+00  0.00000000E+00  6.76000000E+00  0.00000000E+00  0.00000000E+00  6.76000000E+00  0.00000000E+00  0.00000000E+00  6.76000000E+00  0.00000000E+00  0.00000000E+00  6.76000000E+00  0.00000000E+00  0.00000000E+00
  6.80000000E+00  0.00000000E+00  0.00000000E+00  6.80000000E+00  0.00000000E+00  0.00000000E+00  6.80000000E+00  0.00000000E+00  0.00000000E+00  6.80000000E+00  0.00000000E+00  0.00000000E+00  6.80000000E+00  0.00000000E+00  0.00000000E+00  6.80000000E+00  0.00000000E+00  0.00000000E+00  6.80000000E+00  0.00000000E+00  0.00000000E+00  6.80000000E+00  0.00000000E+00  0.00000000E+00  6.80000000E+00  0.00000000E+00  0.00000000E+00  6.80000000E+00  0.00000000E+00  0.00000000E+00
  6.84000000E+00  0.00000000E+00  0.00000000E+00  6.84000000E+00  0.00000000E+00  0.00000000E+00  6.84000000E+00  0.00000000E+00  0.00000000E+00  6.84000000E+00  0.00000000E+00  0.00000000E+00  6.84000000E+00  0.00000000E+00  0.00000000E+00  6.84000000E+00  0.00000000E+00  0.00000000E+00  6.84000000E+00  0.00000000E+00  0.00000000E+00  6.84000000E+00  0.00000000E+00  0.00000000E+00  6.84000000E+00  0.00000000E+00  0.00000000E+00  6.84000000E+00  0.00000000E+00  0.00000000E+00
  6.88000000E+00  0.00000000E+00  0.00000000E+00  6.88000000E+00  0.00000000E+00  0.00000000E+00  6.88000000E+00  0.00000000E+00  0.00000000E+00  6.88000000E+00  0.00000000E+00  0.00000000E+00  6.88000000E+00  0.00000000E+00  0.00000000E+00  6.88000000E+00  0.00000000E+00  0.00000000E+00  6.88000000E+00  0.00000000E+00  0.00000000E+00  6.88000000E+00  0.00000000E+00  0.00000000E+00  6.88000000E+00  0.00000000E+00  0.00000000E+00  6.88000000E+00  0.00000000E+00  0.00000000E+00
  6.92000000E+00  0.00000000E+00  0.00000000E+00  6.92000000E+00  0.00000000E+00  0.00000000E+00  6.92000000E+00  0.00000000E+00  0.00000000E+00  6.92000000E+00  0.00000000E+00  0.00000000E+00  6.92000000E+00  0.00000000E+00  0.00000000E+00  6.92000000E+00  0.00000000E+00  0.00000000E+00  6.92000000E+00  0.00000000E+00  0.00000000E+00  6.92000000E+00  0.00000000E+00  0.00000000E+00  6.92000000E+00  0.00000000E+00  0.00000000E+00  6.92000000E+00  0.00000000E+00  0.00000000E+00
  6.96000000E+00  0.00000000E+00  0.00000000E+00  6.96000000E+00  0.00000000E+00  0.00000000E+00  6.96000000E+00  0.00000000E+00  0.00000000E+00  6.96000000E+00  0.00000000E+00  0.00000000E+00  6.96000000E+00  0.00000000E+00  0.00000000E+00  6.96000000E+00  0.00000000E+00  0.00000000E+00  6.96000000E+00  0.00000000E+00  0.00000000E+00  6.96000000E+00  0.00000000E+00  0.00000000E+00  6.96000000E+00  0.00000000E+00  0.00000000E+00  6.96000000E+00  0.00000000E+00  0.00000000E+00
  7.00000000E+00  0.00000000E+00  0.00000000E+00  7.00000000E+00  0.00000000E+00  0.00000000E+00  7.00000000E+00  0.00000000E+00  0.00000000E+00  7.00000000E+00  0.00000000E+00  0.00000000E+00  7.00000000E+00  0.00000000E+00  0.00000000E+00  7.00000000E+00  0.00000000E+00  0.00000000E+00  7.00000000E+00  0.00000000E+00  0.00000000E+00  7.00000000E+00  0.00000000E+00  0.00000000E+00  7.00000000E+00  0.00000000E+00  0.00000000E+00  7.00000000E+00  0.00000000E+00  0.00000000E+00
  7.04000000E+00  0.00000000E+00  0.00000000E+00  7.04000000E+00  0.00000000E+00  0.00000000E+00  7.04000000E+00  0.00000000E+00  0.00000000E+00  7.04000000E+00  0.00000000E+00  0.00000000E+00  7.04000000E+00  0.00000000E+00  0.00000000E+00  7.04000000E+00  0.00000000E+00  0.00000000E+00  7.04000000E+00  0.00000000E+00  0.00000000E+00  7.04000000E+00  0.00000000E+00  0.00000000E+00  7.04000000E+00  0.00000000E+00  0.00000000E+00  7.04000000E+00  0.00000000E+00  0.00000000E+00
  7.08000000E+00  0.00000000E+00  0.00000000E+00  7.08000000E+00  0.00000000E+00  0.00000000E+00  7.08000000E+00  0.00000000E+00  0.00000000E+00  7.08000000E+00  0.00000000E+00  0.00000000E+00  7.08000000E+00  0.00000000E+00  0.00000000E+00  7.08000000E+00  0.00000000E+00  0.00000000E+00  7.08000000E+00  0.00000000E+00  0.00000000E+00  7.08000000E+00  0.00000000E+00  0.00000000E+00  7.08000000E+00  0.00000000E+00  0.00000000E+00  7.08000000E+00  0.00000000E+00  0.00000000E+00
  7.12000000E+00  0.00000000E+00  0.00000000E+00  7.12000000E+00  0.00000000E+00  0.00000000E+00  7.12000000E+00  0.00000000E+00  0.00000000E+00  7.12000000E+00  0.00000000E+00  0.00000000E+00  7.12000000E+00  0.00000000E+00  0.00000000E+00  7.12000000E+00  0.00000000E+00  0.00000000E+00  7.12000000E+00  0.00000000E+00  0.00000000E+00  7.12000000E+00  0.00000000E+00  0.00000000E+00  7.12000000E+00  0.00000000E+00  0.00000000E+00  7.12000000E+00  0.00000000E+00  0.00000000E+00
  7.16000000E+00  0.00000000E+00  0.00000000E+00  7.16000000E+00  0.00000000E+00  0.00000000E+00  7.16000000E+00  0.00000000E+00  0.00000000E+00  7.16000000E+00  0.00000000E+00  0.00000000E+00  7.16000000E+00  0.00000000E+00  0.00000000E+00  7.16000000E+00  0.00000000E+00  0.00000000E+00  7.16000000E+00  0.00000000E+00  0.00000000E+00  7.16000000E+00  0.00000000E+00  0.00000000E+00  7.16000000E+00  0.00000000E+00  0.00000000E+00  7.16000000E+00  0.00000000E+00  0.00000000E+00
  7.20000000E+00  0.00000000E+00  0.00000000E+00  7.20000000E+00  0.00000000E+00  0.00000000E+00  7.20000000E+00  0.00000000E+00  0.00000000E+00  7.20000000E+00  0.00000000E+00  0.00000000E+00  7.20000000E+00  0.00000000E+00  0.00000000E+00  7.20000000E+00  0.00000000E+00  0.00000000E+00  7.20000000E+00  0.00000000E+00  0.00000000E+00  7.20000000E+00  0.00000000E+00  0.00000000E+00  7.20000000E+00  0.00000000E+00  0.00000000E+00  7.20000000E+00  0.00000000E+00  0.00000000E+00
  7.24000000E+00  0.00000000E+00  0.00000000E+00  7.24000000E+00  0.00000000E+00  0.00000000E+00  7.24000000E+00  0.00000000E+00  0.00000000E+00  7.24000000E+00  0.00000000E+00  0.00000000E+00  7.24000000E+00  0.00000000E+00  0.00000000E+00  7.24000000E+00  0.00000000E+00  0.00000000E+00  7.24000000E+00  0.00000000E+00  0.00000000E+00  7.24000000E+00  0.00000000E+00  0.00000000E+00  7.24000000E+00  0.00000000E+00  0.00000000E+00  7.24000000E+00  0.00000000E+00  0.00000000E+00
  7.28000000E+00  0.00000000E+00  0.00000000E+00  7.28000000E+00  0.00000000E+00  0.00000000E+00  7.28000000E+00  0.00000000E+00  0.00000000E+00  7.28000000E+00  0.00000000E+00  0.00000000E+00  7.28000000E+00  0.00000000E+00  0.00000000E+00  7.28000000E+00  0.00000000E+00  0.00000000E+00  7.28000000E+00  0.00000000E+00  0.00000000E+00  7.28000000E+00  0.00000000E+00  0.00000000E+00  7.28000000E+00  0.00000000E+00  0.00000000E+00  7.28000000E+00  0.00000000E+00  0.00000000E+00
  7.32000000E+00  0.00000000E+00  0.00000000E+00  7.32000000E+00  0.00000000E+00  0.00000000E+00  7.32000000E+00  0.00000000E+00  0.00000000E+00  7.32000000E+00  0.00000000E+00  0.00000000E+00  7.32000000E+00  0.00000000E+00  0.00000000E+00  7.32000000E+00  0.00000000E+00  0.00000000E+00  7.32000000E+00  0.00000000E+00  0.00000000E+00  7.32000000E+00  0.00000000E+00  0.00000000E+00  7.32000000E+00  0.00000000E+00  0.00000000E+00  7.32000000E+00  0.00000000E+00  0.00000000E+00
  7.36000000E+00  0.00000000E+00  0.00000000E+00  7.36000000E+00  0.00000000E+00  0.00000000E+00  7.36000000E+00  0.00000000E+00  0.00000000E+00  7.36000000E+00  0.00000000E+00  0.00000000E+00  7.36000000E+00  0.00000000E+00  0.00000000E+00  7.36000000E+00  0.00000000E+00  0.00000000E+00  7.36000000E+00  0.00000000E+00  0.00000000E+00  7.36000000E+00  0.00000000E+00  0.00000000E+00  7.36000000E+00  0.00000000E+00  0.00000000E+00  7.36000000E+00  0.00000000E+00  0.00000000E+00
  7.40000000E+00  0.00000000E+00  0.00000000E+00  7.40000000E+00  0.00000000E+00  0.00000000E+00  7.40000000E+00  0.00000000E+00  0.00000000E+00  7.40000000E+00  0.00000000E+00  0.00000000E+00  7.40000000E+00  0.00000000E+00  0.00000000E+00  7.40000000E+00  0.00000000E+00  0.00000000E+00  7.40000000E+00  0.00000000E+00  0.00000000E+00  7.40000000E+00  0.00000000E+00  0.00000000E+00  7.40000000E+00  0.00000000E+00  0.00000000E+00  7.40000000E+00  0.00000000E+00  0.00000000E+00
  7.44000000E+00  0.00000000E+00  0.00000000E+00  7.44000000E+00  0.00000000E+00  0.00000000E+00  7.44000000E+00  0.00000000E+00  0.00000000E+00  7.44000000E+00  0.00000000E+00  0.00000000E+00  7.44000000E+00  0.00000000E+00  0.00000000E+00  7.44000000E+00  0.00000000E+00  0.00000000E+00  7.44000000E+00  0.00000000E+00  0.00000000E+00  7.44000000E+00  0.00000000E+00  0.00000000E+00  7.44000000E+00  0.00000000E+00  0.00000000E+00  7.44000000E+00  0.00000000E+00  0.00000000E+00
  7.48000000E+00  0.00000000E+00  0.00000000E+00  7.48000000E+00  0.00000000E+00  0.00000000E+00  7.48000000E+00  0.00000000E+00  0.00000000E+00  7.48000000E+00  0.00000000E+00  0.00000000E+00  7.48000000E+00  0.00000000E+00  0.00000000E+00  7.48000000E+00  0.00000000E+00  0.00000000E+00  7.48000000E+00  0.00000000E+00  0.00000000E+00  7.48000000E+00  0.00000000E+00  0.00000000E+00  7.48000000E+00  0.00000000E+00  0.00000000E+00  7.48000000E+00  0.00000000E+00  0.00000000E+00
  7.52000000E+00  0.00000000E+00  0.00000000E+00  7.52000000E+00  0.00000000E+00  0.00000000E+00  7.52000000E+00  0.00000000E+00  0.00000000E+00  7.52000000E+00  0.00000000E+00  0.00000000E+00  7.52000000E+00  0.00000000E+00  0.00000000E+00  7.52000000E+00  0.00000000E+00  0.00000000E+00  7.52000000E+00  0.00000000E+00  0.00000000E+00  7.52000000E+00  0.00000000E+00  0.00000000E+00  7.52000000E+00  0.00000000E+00  0.00000000E+00  7.52000000E+00  0.00000000E+00  0.00000000E+00
  7.56000000E+00  0.00000000E+00  0.00000000E+00  7.56000000E+00  0.00000000E+00  0.00000000E+00  7.56000000E+00  0.00000000E+00  0.00000000E+00  7.56000000E+00  0.00000000E+00  0.00000000E+00  7.56000000E+00  0.00000000E+00  0.00000000E+00  7.56000000E+00  0.00000000E+00  0.00000000E+00  7.56000000E+00  0.00000000E+00  0.00000000E+00  7.56000000E+00  0.00000000E+00  0.00000000E+00  7.56000000E+00  0.00000000E+00  0.00000000E+00  7.56000000E+00  0.00000000E+00  0.00000000E+00
  7.60000000E+00  0.00000000E+00  0.00000000E+00  7.60000000E+00  0.00000000E+00  0.00000000E+00  7.60000000E+00  0.00000000E+00  0.00000000E+00  7.60000000E+00  0.00000000E+00  0.00000000E+00  7.60000000E+00  0.00000000E+00  0.00000000E+00  7.60000000E+00  0.00000000E+00  0.00000000E+00  7.60000000E+00  0.00000000E+00  0.00000000E+00  7.60000000E+00  0.00000000E+00  0.00000000E+00  7.60000000E+00  0.00000000E+00  0.00000000E+00  7.60000000E+00  0.00000000E+00  0.00000000E+00
  7.64000000E+00  0.00000000E+00  0.00000000E+00  7.64000000E+00  0.00000000E+00  0.00000000E+00  7.64000000E+00  0.00000000E+00  0.00000000E+00  7.64000000E+00  0.00000000E+00  0.00000000E+00  7.64000000E+00  0.00000000E+00  0.00000000E+00  7.64000000E+00  0.00000000E+00  0.00000000E+00  7.64000000E+00  0.00000000E+00  0.00000000E+00  7.64000000E+00  0.00000000E+00  0.00000000E+00  7.64000000E+00  0.00000000E+00  0.00000000E+00  7.64000000E+00  0.00000000E+00  0.00000000E+00
  7.68000000E+00  0.00000000E+00  0.00000000E+00  7.68000000E+00  0.00000000E+00  0.00000000E+00  7.68000000E+00  0.00000000E+00  0.00000000E+00  7.68000000E+00  0.00000000E+00  0.00000000E+00  7.68000000E+00  0.00000000E+00  0.00000000E+00  7.68000000E+00  0.00000000E+00  0.00000000E+00  7.68000000E+00  0.00000000E+00  0.00000000E+00  7.68000000E+00  0.00000000E+00  0.00000000E+00  7.68000000E+00  0.00000000E+00  0.00000000E+00  7.68000000E+00  0.00000000E+00  0.00000000E+00
  7.72000000E+00  0.00000000E+00  0.00000000E+00  7.72000000E+00  0.00000000E+00  0.00000000E+00  7.72000000E+00  0.00000000E+00  0.00000000E+00  7.72000000E+00  0.00000000E+00  0.00000000E+00  7.72000000E+00  0.00000000E+00  0.00000000E+00  7.72000000E+00  0.00000000E+00  0.00000000E+00  7.72000000E+00  0.00000000E+00  0.00000000E+00  7.72000000E+00  0.00000000E+00  0.00000000E+00  7.72000000E+00  0.00000000E+00  0.00000000E+00  7.72000000E+00  0.00000000E+00  0.00000000E+00
  7.76000000E+00  0.00000000E+00  0.00000000E+00  7.76000000E+00  0.00000000E+00  0.00000000E+00  7.76000000E+00  0.00000000E+00  0.00000000E+00  7.76000000E+00  0.00000000E+00  0.00000000E+00  7.76000000E+00  0.00000000E+00  0.00000000E+00  7.76000000E+00  0.00000000E+00  0.00000000E+00  7.76000000E+00  0.00000000E+00  0.00000000E+00  7.76000000E+00  0.00000000E+00  0.00000000E+00  7.76000000E+00  0.00000000E+00  0.00000000E+00  7.76000000E+00  0.00000000E+00  0.00000000E+00
  7.80000000E+00  0.00000000E+00  0.00000000E+00  7.80000000E+00  0.00000000E+00  0.00000000E+00  7.80000000E+00  0.00000000E+00  0.00000000E+00  7.80000000E+00  0.00000000E+00  0.00000000E+00  7.80000000E+00  0.00000000E+00  0.00000000E+00  7.80000000E+00  0.00000000E+00  0.00000000E+00  7.80000000E+00  0.00000000E+00  0.00000000E+00  7.80000000E+00  0.00000000E+00  0.00000000E+00  7.80000000E+00  0.00000000E+00  0.00000000E+00  7.80000000E+00  0.00000000E+00  0.00000000E+00
  7.84000000E+00  0.00000000E+00  0.00000000E+00  7.84000000E+00  0.00000000E+00  0.00000000E+00  7.84000000E+00  0.00000000E+00  0.00000000E+00  7.84000000E+00  0.00000000E+00  0.00000000E+00  7.84000000E+00  0.00000000E+00  0.00000000E+00  7.84000000E+00  0.00000000E+00  0.00000000E+00  7.84000000E+00  0.00000000E+00  0.00000000E+00  7.84000000E+00  0.00000000E+00  0.00000000E+00  7.84000000E+00  0.00000000E+00  0.00000000E+00  7.84000000E+00  0.00000000E+00  0.00000000E+00
  7.88000000E+00  0.00000000E+00  0.00000000E+00  7.88000000E+00  0.00000000E+00  0.00000000E+00  7.88000000E+00  0.00000000E+00  0.00000000E+00  7.88000000E+00  0.00000000E+00  0.00000000E+00  7.88000000E+00  0.00000000E+00  0.00000000E+00  7.88000000E+00  0.00000000E+00  0.00000000E+00  7.88000000E+00  0.00000000E+00  0.00000000E+00  7.88000000E+00  0.00000000E+00  0.00000000E+00  7.88000000E+00  0.00000000E+00  0.00000000E+00  7.88000000E+00  0.00000000E+00  0.00000000E+00
  7.92000000E+00  0.00000000E+00  0.00000000E+00  7.92000000E+00  0.00000000E+00  0.00000000E+00  7.92000000E+00  0.00000000E+00  0.00000000E+00  7.92000000E+00  0.00000000E+00  0.00000000E+00  7.92000000E+00  0.00000000E+00  0.00000000E+00  7.92000000E+00  0.00000000E+00  0.00000000E+00  7.92000000E+00  0.00000000E+00  0.00000000E+00  7.92000000E+00  0.00000000E+00  0.00000000E+00  7.92000000E+00  0.00000000E+00  0.00000000E+00  7.92000000E+00  0.00000000E+00  0.00000000E+00
  7.96000000E+00  0.00000000E+00  0.00000000E+00  7.96000000E+00  0.00000000E+00  0.00000000E+00  7.96000000E+00  0.00000000E+00  0.00000000E+00  7.96000000E+00  0.00000000E+00  0.00000000E+00  7.96000000E+00  0.00000000E+00  0.00000000E+00  7.96000000E+00  0.00000000E+00  0.00000000E+00  7.96000000E+00  0.00000000E+00  0.00000000E+00  7.96000000E+00  0.00000000E+00  0.00000000E+00  7.96000000E+00  0.00000000E+00  0.00000000E+00  7.96000000E+00  0.00000000E+00  0.00000000E+00
