#                   N = 2.00                    
#          r [Å]            ρ(r)           Δρ(r)
  0.00000000E+00  1.72464540E-02  5.64121752E-04
  3.00000000E-02  1.76563429E-02  3.69521442E-04
  6.00000000E-02  1.78260327E-02  2.69383570E-04
  9.00000000E-02  1.77335187E-02  2.26803105E-04
  1.20000000E-01  1.77610315E-02  2.18130029E-04
  1.50000000E-01  1.75602111E-02  1.83987909E-04
  1.80000000E-01  1.77305463E-02  1.92326198E-04
  2.10000000E-01  1.74757881E-02  1.51594995E-04
  2.40000000E-01  1.78285159E-02  1.48622805E-04
  2.70000000E-01  1.72439225E-02  1.46439377E-04
  3.00000000E-01  1.71866051E-02  1.31613674E-04
  3.30000000E-01  1.70212567E-02  1.30272657E-04
  3.60000000E-01  1.68615849E-02  1.24579856E-04
  3.90000000E-01  1.64031398E-02  1.10415723E-04
  4.20000000E-01  1.64055696E-02  1.09977695E-04
  4.50000000E-01  1.62071072E-02  1.19282360E-04
  4.80000000E-01  1.59764555E-02  1.08919454E-04
  5.10000000E-01  1.56812021E-02  1.06681951E-04
  5.40000000E-01  1.54367868E-02  9.39664317E-05
  5.70000000E-01  1.54438806E-02  9.22531359E-05
  6.00000000E-01  1.50040204E-02  1.00895001E-04
  6.30000000E-01  1.47453905E-02  9.23140894E-05
  6.60000000E-01  1.44424222E-02  8.69702112E-05
  6.90000000E-01  1.40728669E-02  8.63862906E-05
  7.20000000E-01  1.38873074E-02  7.35060092E-05
  7.50000000E-01  1.35108968E-02  7.53229430E-05
  7.80000000E-01  1.32051544E-02  7.44420157E-05
  8.10000000E-01  1.27365624E-02  8.14755683E-05
  8.40000000E-01  1.24953992E-02  6.75027725E-05
  8.70000000E-01  1.22205100E-02  6.34528141E-05
  9.00000000E-01  1.18354504E-02  6.39004740E-05
  9.30000000E-01  1.15259841E-02  6.18408451E-05
  9.60000000E-01  1.11533608E-02  5.64155498E-05
  9.90000000E-01  1.08463455E-02  5.85645582E-05
  1.02000000E+00  1.04261465E-02  5.24594405E-05
  1.05000000E+00  1.01974333E-02  5.78364472E-05
  1.08000000E+00  9.72193779E-03  5.06767459E-05
  1.11000000E+00  9.44435147E-03  4.88840755E-05
  1.14000000E+00  9.07642313E-03  5.05288021E-05
  1.17000000E+00  8.67553550E-03  4.78238817E-05
  1.20000000E+00  8.31641646E-03  4.55080889E-05
  1.23000000E+00  7.94270350E-03  4.51832885E-05
  1.26000000E+00  7.63941729E-03  4.11420160E-05
  1.29000000E+00  7.27579485E-03  4.28934570E-05
  1.32000000E+00  7.00249958E-03  4.11743008E-05
  1.35000000E+00  6.66901420E-03  4.47073018E-05
  1.38000000E+00  6.30748571E-03  3.63133405E-05
  1.41000000E+00  5.90182716E-03  3.84539837E-05
  1.44000000E+00  5.60059135E-03  3.51725226E-05
  1.47000000E+00  5.34006668E-03  3.19424024E-05
  1.50000000E+00  4.96818351E-03  3.14119861E-05
  1.53000000E+00  4.75390012E-03  3.30660993E-05
  1.56000000E+00  4.37429597E-03  2.86982020E-05
  1.59000000E+00  4.19569318E-03  2.75792518E-05
  1.62000000E+00  3.88241757E-03  2.56035242E-05
  1.65000000E+00  3.63409331E-03  2.48710697E-05
  1.68000000E+00  3.36941500E-03  2.41254557E-05
  1.71000000E+00  3.17086100E-03  2.26367732E-05
  1.74000000E+00  2.93460313E-03  2.31753151E-05
  1.77000000E+00  2.69019942E-03  2.09494922E-05
  1.80000000E+00  2.52187482E-03  1.96798533E-05
  1.83000000E+00  2.28816904E-03  1.88960461E-05
  1.86000000E+00  2.07836606E-03  1.88750114E-05
  1.89000000E+00  1.91273330E-03  1.68691119E-05
  1.92000000E+00  1.73781296E-03  1.74489626E-05
  1.95000000E+00  1.58385384E-03  1.55134826E-05
  1.98000000E+00  1.44026049E-03  1.51631301E-05
  2.01000000E+00  1.30277451E-03  1.47343454E-05
  2.04000000E+00  1.16841052E-03  1.36629724E-05
  2.07000000E+00  1.03669586E-03  1.19371943E-05
  2.10000000E+00  9.20721755E-04  1.09225735E-05
  2.13000000E+00  8.16551175E-04  1.09054116E-05
  2.16000000E+00  7.37257406E-04  1.03011701E-05
  2.19000000E+00  6.56699039E-04  9.25500772E-06
  2.22000000E+00  5.66693191E-04  8.18596105E-06
  2.25000000E+00  4.84696717E-04  7.78678107E-06
  2.28000000E+00  4.34747042E-04  7.36726697E-06
  2.31000000E+00  3.73173276E-04  6.44868785E-06
  2.34000000E+00  3.19522753E-04  6.53460792E-06
  2.37000000E+00  2.73361238E-04  5.88214194E-06
  2.40000000E+00  2.33172426E-04  5.05234704E-06
  2.43000000E+00  1.96188248E-04  4.79895984E-06
  2.46000000E+00  1.65004986E-04  4.21107483E-06
  2.49000000E+00  1.42511339E-04  3.60743898E-06
  2.52000000E+00  1.15858939E-04  3.33798978E-06
  2.55000000E+00  9.75107899E-05  3.28326117E-06
  2.58000000E+00  8.05420098E-05  2.85034052E-06
  2.61000000E+00  6.61664192E-05  2.73632142E-06
  2.64000000E+00  4.81641023E-05  2.10079812E-06
  2.67000000E+00  4.02821062E-05  1.83520557E-06
  2.70000000E+00  3.24023441E-05  1.94215097E-06
  2.73000000E+00  2.34764654E-05  1.31301713E-06
  2.76000000E+00  1.95979478E-05  1.28740440E-06
  2.79000000E+00  1.36326658E-05  9.40695387E-07
  2.82000000E+00  1.03745444E-05  8.50797794E-07
  2.85000000E+00  9.06896160E-06  9.91774732E-07
  2.88000000E+00  5.26594870E-06  6.19258516E-07
  2.91000000E+00  3.47656063E-06  5.64696210E-07
  2.94000000E+00  2.91559648E-06  4.60239230E-07
  2.97000000E+00  2.30334792E-06  4.74493738E-07
  3.00000000E+00  1.46116379E-06  2.64231410E-07
  3.03000000E+00  8.08406060E-07  2.04948133E-07
  3.06000000E+00  3.89217942E-07  1.24977323E-07
  3.09000000E+00  5.68617982E-07  2.48626736E-07
  3.12000000E+00  2.03068508E-07  1.01227591E-07
  3.15000000E+00  2.19917099E-07  1.01413807E-07
  3.18000000E+00  2.49732952E-07  1.00384587E-07
  3.21000000E+00  1.31600986E-08  1.09839175E-08
  3.24000000E+00  2.60776148E-08  2.00465206E-08
  3.27000000E+00  3.10073557E-08  3.15423133E-08
  3.30000000E+00  0.00000000E+00  0.00000000E+00
  3.33000000E+00  2.28383775E-08  2.32323990E-08
  3.36000000E+00  0.00000000E+00  0.00000000E+00
  3.39000000E+00  0.00000000E+00  0.00000000E+00
  3.42000000E+00  0.00000000E+00  0.00000000E+00
  3.45000000E+00  0.00000000E+00  0.00000000E+00
  3.48000000E+00  0.00000000E+00  0.00000000E+00
  3.51000000E+00  0.00000000E+00  0.00000000E+00
  3.54000000E+00  0.00000000E+00  0.00000000E+00
  3.57000000E+00  0.00000000E+00  0.00000000E+00
  3.60000000E+00  0.00000000E+00  0.00000000E+00
  3.63000000E+00  0.00000000E+00  0.00000000E+00
  3.66000000E+00  0.00000000E+00  0.00000000E+00
  3.69000000E+00  0.00000000E+00  0.00000000E+00
  3.72000000E+00  0.00000000E+00  0.00000000E+00
  3.75000000E+00  0.00000000E+00  0.00000000E+00
  3.78000000E+00  0.00000000E+00  0.00000000E+00
  3.81000000E+00  0.00000000E+00  0.00000000E+00
  3.84000000E+00  0.00000000E+00  0.00000000E+00
  3.87000000E+00  0.00000000E+00  0.00000000E+00
  3.90000000E+00  0.00000000E+00  0.00000000E+00
  3.93000000E+00  0.00000000E+00  0.00000000E+00
  3.96000000E+00  0.00000000E+00  0.00000000E+00
  3.99000000E+00  0.00000000E+00  0.00000000E+00
  4.02000000E+00  0.00000000E+00  0.00000000E+00
  4.05000000E+00  0.00000000E+00  0.00000000E+00
  4.08000000E+00  0.00000000E+00  0.00000000E+00
  4.11000000E+00  0.00000000E+00  0.00000000E+00
  4.14000000E+00  0.00000000E+00  0.00000000E+00
  4.17000000E+00  0.00000000E+00  0.00000000E+00
  4.20000000E+00  0.00000000E+00  0.00000000E+00
  4.23000000E+00  0.00000000E+00  0.00000000E+00
  4.26000000E+00  0.00000000E+00  0.00000000E+00
  4.29000000E+00  0.00000000E+00  0.00000000E+00
  4.32000000E+00  0.00000000E+00  0.00000000E+00
  4.35000000E+00  0.00000000E+00  0.00000000E+00
  4.38000000E+00  0.00000000E+00  0.00000000E+00
  4.41000000E+00  0.00000000E+00  0.00000000E+00
  4.44000000E+00  0.00000000E+00  0.00000000E+00
  4.47000000E+00  0.00000000E+00  0.00000000E+00
  4.50000000E+00  0.00000000E+00  0.00000000E+00
  4.53000000E+00  0.00000000E+00  0.00000000E+00
  4.56000000E+00  0.00000000E+00  0.00000000E+00
  4.59000000E+00  0.00000000E+00  0.00000000E+00
  4.62000000E+00  0.00000000E+00  0.00000000E+00
  4.65000000E+00  0.00000000E+00  0.00000000E+00
  4.68000000E+00  0.00000000E+00  0.00000000E+00
  4.71000000E+00  0.00000000E+00  0.00000000E+00
  4.74000000E+00  0.00000000E+00  0.00000000E+00
  4.77000000E+00  0.00000000E+00  0.00000000E+00
  4.80000000E+00  0.00000000E+00  0.00000000E+00
  4.83000000E+00  0.00000000E+00  0.00000000E+00
  4.86000000E+00  0.00000000E+00  0.00000000E+00
  4.89000000E+00  0.00000000E+00  0.00000000E+00
  4.92000000E+00  0.00000000E+00  0.00000000E+00
  4.95000000E+00  0.00000000E+00  0.00000000E+00
  4.98000000E+00  0.00000000E+00  0.00000000E+00
  5.01000000E+00  0.00000000E+00  0.00000000E+00
  5.04000000E+00  0.00000000E+00  0.00000000E+00
  5.07000000E+00  0.00000000E+00  0.00000000E+00
  5.10000000E+00  0.00000000E+00  0.00000000E+00
  5.13000000E+00  0.00000000E+00  0.00000000E+00
  5.16000000E+00  0.00000000E+00  0.00000000E+00
  5.19000000E+00  0.00000000E+00  0.00000000E+00
  5.22000000E+00  0.00000000E+00  0.00000000E+00
  5.25000000E+00  0.00000000E+00  0.00000000E+00
  5.28000000E+00  0.00000000E+00  0.00000000E+00
  5.31000000E+00  0.00000000E+00  0.00000000E+00
  5.34000000E+00  0.00000000E+00  0.00000000E+00
  5.37000000E+00  0.00000000E+00  0.00000000E+00
  5.40000000E+00  0.00000000E+00  0.00000000E+00
  5.43000000E+00  0.00000000E+00  0.00000000E+00
  5.46000000E+00  0.00000000E+00  0.00000000E+00
  5.49000000E+00  0.00000000E+00  0.00000000E+00
  5.52000000E+00  0.00000000E+00  0.00000000E+00
  5.55000000E+00  0.00000000E+00  0.00000000E+00
  5.58000000E+00  0.00000000E+00  0.00000000E+00
  5.61000000E+00  0.00000000E+00  0.00000000E+00
  5.64000000E+00  0.00000000E+00  0.00000000E+00
  5.67000000E+00  0.00000000E+00  0.00000000E+00
  5.70000000E+00  0.00000000E+00  0.00000000E+00
  5.73000000E+00  0.00000000E+00  0.00000000E+00
  5.76000000E+00  0.00000000E+00  0.00000000E+00
  5.79000000E+00  0.00000000E+00  0.00000000E+00
  5.82000000E+00  0.00000000E+00  0.00000000E+00
  5.85000000E+00  0.00000000E+00  0.00000000E+00
  5.88000000E+00  0.00000000E+00  0.00000000E+00
  5.91000000E+00  0.00000000E+00  0.00000000E+00
  5.94000000E+00  0.00000000E+00  0.00000000E+00
  5.97000000E+00  0.00000000E+00  0.00000000E+00
