#              u               K              ΔK               V              ΔV           V_ext          ΔV_ext           V_int          ΔV_int               E              ΔE            E_mu           ΔE_mu             K/N            ΔK/N             V/N            ΔV/N             E/N            ΔE/N               N              ΔN             N^2            ΔN^2         density        Δdensity
 -5.00000000E-01  1.81490715E+03  1.38175244E+01 -5.03822915E+03  1.67826793E+01 -3.93132161E+03  9.75025034E+00 -1.10672071E+03  7.10732113E+00 -3.22332201E+03  7.27584102E+00 -3.19692161E+03  7.23234166E+00  3.43543476E+01  1.75523943E-01 -9.54130721E+01  5.02126184E-02 -6.10587245E+01  1.44594134E-01  5.28007919E+01  1.50546871E-01  2.78905623E+03  1.60052514E+01  1.86744601E-02  5.32450626E-05
 -1.00000000E+00  2.49570897E+03  9.48103143E+00 -5.86201151E+03  1.31975461E+00 -4.52930137E+03  7.13282549E-01 -1.33260117E+03  9.83907482E-01 -3.36630254E+03  1.00918108E+01 -3.30630254E+03  1.00918108E+01  4.15951494E+01  1.58017191E-01 -9.77001918E+01  2.19959102E-02 -5.61050424E+01  1.68196847E-01  6.00000000E+01  0.00000000E+00  3.60000000E+03  0.00000000E+00  2.12206591E-02  3.26832901E-17
 -2.00000000E+00  2.48602631E+03  6.97622212E+00 -5.86670571E+03  1.21603347E+00 -4.53052406E+03  6.67895383E-01 -1.33606606E+03  7.99718318E-01 -3.38067940E+03  6.98113048E+00 -3.26067940E+03  6.98113048E+00  4.14337719E+01  1.16270369E-01 -9.77784285E+01  2.02672246E-02 -5.63446566E+01  1.16352175E-01  6.00000000E+01  0.00000000E+00  3.60000000E+03  0.00000000E+00  2.12206591E-02  3.18822975E-17
 -5.00000000E+00  1.66448505E+03  5.55499175E+00 -4.85481028E+03  6.56949476E-01 -3.80072397E+03  4.16865926E-01 -1.05394518E+03  5.07814778E-01 -3.19032523E+03  5.51476273E+00 -2.93532523E+03  5.51476273E+00  3.26369618E+01  1.08921407E-01 -9.51923583E+01  1.28813623E-02 -6.25553966E+01  1.08132603E-01  5.10000000E+01  0.00000000E+00  2.60100000E+03  0.00000000E+00  1.80375602E-02  6.22503719E-17
 -8.00000000E+00  1.80988462E+03  8.71414142E+00 -5.06617081E+03  4.36662383E+00 -3.96349629E+03  2.58938316E+00 -1.10258968E+03  1.86811090E+00 -3.25628619E+03  8.04305936E+00 -2.83261821E+03  8.00219252E+00  3.41745324E+01  1.59865129E-01 -9.56623574E+01  3.55304673E-02 -6.14878250E+01  1.49159245E-01  5.29584970E+01  2.91345091E-02  2.80464219E+03  3.05912345E+00  1.87302368E-02  1.03042232E-05
 -1.00000000E+01  1.74711993E+03  5.42264179E+00 -4.96908967E+03  1.73952879E+00 -3.88539293E+03  6.08744875E-01 -1.08366556E+03  1.26125585E+00 -3.22196973E+03  5.53048864E+00 -2.70196973E+03  5.53048864E+00  3.35984602E+01  1.04281573E-01 -9.55594166E+01  3.34524765E-02 -6.19609564E+01  1.06355551E-01  5.20000000E+01  0.00000000E+00  2.70400000E+03  0.00000000E+00  1.83912379E-02  2.91493877E-17
 -1.30000000E+01  1.74319802E+03  5.82662659E+00 -4.97978640E+03  8.34021872E-01 -3.88806480E+03  4.27576172E-01 -1.09163165E+03  6.65411425E-01 -3.23658839E+03  5.76394590E+00 -2.56059906E+03  5.76394590E+00  3.35235932E+01  1.12050511E-01 -9.57666258E+01  1.60388822E-02 -6.22430326E+01  1.10845113E-01  5.19991789E+01  6.00735294E-04  2.70391542E+03  6.18757353E-02  1.83909475E-02  2.12466676E-07
 -1.50000000E+01  1.66917843E+03  5.44272263E+00 -4.84471798E+03  4.59921006E+00 -3.79406791E+03  2.86941422E+00 -1.05056663E+03  1.75962603E+00 -3.17553955E+03  5.87945804E+00 -2.41173819E+03  5.65527876E+00  3.27798590E+01  1.04297987E-01 -9.51425630E+01  2.68601727E-02 -6.23627040E+01  1.04388947E-01  5.09200905E+01  3.55048497E-02  2.59292914E+03  3.58598982E+00  1.80092980E-02  1.25572700E-05
 -1.80000000E+01  1.82347984E+03  9.71489102E+00 -5.06251647E+03  7.54538148E+00 -3.95740813E+03  4.88197684E+00 -1.10519898E+03  2.73244542E+00 -3.23903663E+03  6.45236409E+00 -2.28743173E+03  6.48118455E+00  3.44811817E+01  1.60042656E-01 -9.57555763E+01  3.92665026E-02 -6.12743946E+01  1.37994304E-01  5.28669387E+01  5.97255410E-02  2.79527943E+03  6.16670164E+00  1.86978547E-02  2.11235882E-05
 -2.00000000E+01  2.04965398E+03  7.51868190E+00 -5.40395723E+03  9.20924427E+00 -4.15592883E+03  5.24591712E+00 -1.24807942E+03  4.11398268E+00 -3.35430325E+03  7.47697094E+00 -2.23874717E+03  6.65302935E+00  3.67442831E+01  1.18891615E-01 -9.68807381E+01  4.22904261E-02 -6.01364550E+01  1.15276743E-01  5.57778041E+01  7.36742023E-02  3.11150419E+03  8.13352664E+00  1.97273628E-02  2.60569202E-05
 -2.30000000E+01  1.79029634E+03  7.09267596E+00 -5.03170875E+03  9.70660236E+00 -3.90259378E+03  6.11493921E+00 -1.12904009E+03  3.98005893E+00 -3.24141240E+03  7.05249856E+00 -2.03146728E+03  5.99739350E+00  3.40273561E+01  1.07621186E-01 -9.56449738E+01  4.08284001E-02 -6.16176177E+01  1.04687479E-01  5.26063098E+01  8.48014331E-02  2.76790066E+03  8.84875442E+00  1.86056761E-02  2.99923698E-05
 -2.50000000E+01  1.63338110E+03  7.93277522E+00 -4.78440587E+03  8.94690144E+00 -3.75734880E+03  5.62191887E+00 -1.02706978E+03  3.35909394E+00 -3.15102477E+03  6.40957500E+00 -1.88920596E+03  5.76800584E+00  3.23569384E+01  1.28577210E-01 -9.47884975E+01  5.05945590E-02 -6.24315591E+01  1.12824623E-01  5.04727521E+01  6.86572860E-02  2.54774797E+03  6.93438589E+00  1.78510844E-02  2.42825441E-05
 -2.80000000E+01  1.55813091E+03  6.28418190E+00 -4.66774297E+03  7.70687947E+00 -3.67704196E+03  5.69172743E+00 -9.90664060E+02  2.15005341E+00 -3.10961206E+03  5.76284118E+00 -1.72435005E+03  4.96778354E+00  3.14915576E+01  1.03291548E-01 -9.43469562E+01  1.90608563E-02 -6.28553985E+01  9.92107083E-02  4.94736433E+01  7.41717212E-02  2.44793820E+03  7.32718201E+00  1.74977220E-02  2.62328830E-05
 -3.00000000E+01  1.66568436E+03  6.22216176E+00 -4.84642529E+03  4.47062000E+00 -3.79521160E+03  2.68927265E+00 -1.05107653E+03  1.85240083E+00 -3.18074093E+03  6.49454282E+00 -1.65271849E+03  6.16030785E+00  3.27014217E+01  1.18193746E-01 -9.51495045E+01  3.24250738E-02 -6.24480828E+01  1.16718019E-01  5.09340812E+01  3.17567594E-02  2.59438296E+03  3.19171018E+00  1.80142462E-02  1.12316552E-05
 -3.20000000E+01  1.71977119E+03  9.97056906E+00 -4.93058529E+03  1.62239237E+01 -3.85493605E+03  1.08259452E+01 -1.07549450E+03  5.42996091E+00 -3.21081410E+03  9.03295415E+00 -1.55923041E+03  6.02751640E+00  3.33084642E+01  1.30813858E-01 -9.55208295E+01  8.16093526E-02 -6.22123653E+01  1.07030739E-01  5.16119904E+01  1.27769877E-01  2.66470915E+03  1.29374302E+01  1.82540076E-02  4.51893511E-05
 -3.50000000E+01  1.49562654E+03  6.37389779E+00 -4.57958343E+03  6.52246580E+00 -3.61927504E+03  3.17727935E+00 -9.60363536E+02  3.51567702E+00 -3.08395689E+03  5.58258754E+00 -1.38123080E+03  5.03483549E+00  3.07399348E+01  1.10498658E-01 -9.41335165E+01  2.45397840E-02 -6.33935818E+01  1.07599752E-01  4.86493170E+01  6.16351185E-02  2.36698375E+03  5.97860650E+00  1.72061762E-02  2.17989608E-05
 -3.80000000E+01  1.71176201E+03  1.11866138E+01 -4.91451154E+03  1.82276658E+01 -3.84398284E+03  1.25986398E+01 -1.07048689E+03  5.66234022E+00 -3.20274953E+03  9.52386623E+00 -1.24705156E+03  5.51662438E+00  3.32435886E+01  1.40716954E-01 -9.54785878E+01  8.11490547E-02 -6.22349992E+01  1.01660350E-01  5.14657359E+01  1.49541853E-01  2.64992206E+03  1.50805792E+01  1.82022806E-02  5.28896120E-05
 -4.00000000E+01  1.52134453E+03  7.14348701E+00 -4.58386675E+03  7.94372286E+00 -3.62164389E+03  4.44669932E+00 -9.62197412E+02  3.93207221E+00 -3.06252222E+03  5.82136789E+00 -1.11417044E+03  5.12042997E+00  3.12276697E+01  1.17548181E-01 -9.41056628E+01  2.63674065E-02 -6.28779931E+01  1.11641421E-01  4.87087946E+01  7.35002316E-02  2.37290577E+03  7.14211187E+00  1.72272121E-02  2.59953875E-05
 -4.20000000E+01  1.60498549E+03  6.60726116E+00 -4.75076842E+03  9.51785292E+00 -3.75195880E+03  6.00397351E+00 -9.98822433E+02  3.91561047E+00 -3.14578293E+03  6.71030236E+00 -1.04525729E+03  4.93272151E+00  3.20877452E+01  1.04356940E-01 -9.49880970E+01  4.36929252E-02 -6.29003517E+01  9.76650047E-02  5.00125152E+01  8.11241084E-02  2.50166315E+03  8.02889463E+00  1.76883089E-02  2.86917835E-05
 -4.50000000E+01  1.34187549E+03  8.21328049E+00 -4.31225456E+03  1.04164986E+01 -3.44000138E+03  5.99790973E+00 -8.72131406E+02  4.74338009E+00 -2.97037907E+03  5.00199212E+00 -8.93572224E+02  4.05313059E+00  2.90646916E+01  1.24476969E-01 -9.34351940E+01  2.32246553E-02 -6.43705024E+01  1.08318730E-01  4.61512633E+01  1.01252512E-01  2.13058425E+03  9.41304738E+00  1.63226704E-02  3.58107500E-05
 -4.80000000E+01  1.25575660E+03  7.40610885E+00 -4.12947946E+03  1.30849226E+01 -3.35688948E+03  6.68642293E+00 -7.72581985E+02  6.58508476E+00 -2.87372286E+03  8.54792346E+00 -7.43272585E+02  4.72290126E+00  2.82760937E+01  1.18759762E-01 -9.30311110E+01  4.42506013E-02 -6.47550173E+01  1.03733480E-01  4.43843807E+01  1.22621019E-01  1.97170035E+03  1.06967421E+01  1.56977635E-02  4.33683139E-05
 -5.20000000E+01  1.01701125E+03  1.38789610E+01 -3.63531505E+03  2.68364325E+01 -3.08062863E+03  1.69563366E+01 -5.54719526E+02  1.00307266E+01 -2.61830380E+03  1.35475915E+01 -5.65404141E+02  3.19623129E+00  2.56767992E+01  1.88919846E-01 -9.20447714E+01  8.97828045E-02 -6.63679722E+01  1.12327206E-01  3.94788396E+01  2.53027367E-01  1.56355655E+03  2.02933775E+01  1.39627833E-02  8.94901267E-05
 -5.50000000E+01  8.73970140E+02  9.35630723E+00 -3.33806888E+03  1.78873448E+01 -2.88270898E+03  1.27579304E+01 -4.55370047E+02  5.16379556E+00 -2.46409874E+03  9.51473230E+00 -4.48961254E+02  3.15454443E+00  2.38044331E+01  1.51759062E-01 -9.10794528E+01  7.86334657E-02 -6.72750197E+01  9.63200225E-02  3.66388634E+01  1.63332906E-01  1.34466810E+03  1.23131932E+01  1.29583471E-02  5.77671995E-05
 -5.80000000E+01  7.70475742E+02  4.24869641E+00 -3.11652584E+03  8.04691959E+00 -2.71927263E+03  6.17474012E+00 -3.97204240E+02  1.88925308E+00 -2.34605009E+03  5.09828341E+00 -3.41391712E+02  2.34190934E+00  2.22707086E+01  8.74808100E-02 -9.01551803E+01  3.91960584E-02 -6.78844717E+01  6.89687350E-02  3.45630756E+01  7.44627987E-02  1.19565563E+03  5.15292612E+00  1.22241874E-02  2.63358279E-05
 -6.00000000E+01  7.14997784E+02  3.86186908E+00 -2.98649499E+03  7.60042080E+00 -2.61984783E+03  5.80864126E+00 -3.66617865E+02  1.80066232E+00 -2.27149721E+03  4.58714838E+00 -2.71179289E+02  1.86270011E+00  2.14253323E+01  7.83736779E-02 -8.95654115E+01  3.58420747E-02 -6.81400791E+01  5.89307016E-02  3.33386320E+01  7.17887625E-02  1.11253924E+03  4.77340981E+00  1.17911290E-02  2.53900808E-05
 -6.50000000E+01  5.76220567E+02  2.03236696E+00 -2.61014689E+03  4.44721370E+00 -2.32817573E+03  3.46945443E+00 -2.81951916E+02  9.78358504E-01 -2.03392633E+03  2.98790463E+00 -1.03697791E+02  1.56046118E+00  1.93663896E+01  5.50458682E-02 -8.78649454E+01  2.31425391E-02 -6.84985559E+01  5.23484900E-02  2.96958236E+01  4.28971796E-02  8.83880645E+02  2.55970527E+00  1.05027491E-02  1.51717735E-05
 -7.00000000E+01  1.68683708E+02  1.94937869E+00 -9.28990180E+02  9.16121899E+00 -8.83075900E+02  8.35523971E+00 -4.59090697E+01  8.11922531E-01 -7.60306473E+02  7.28555663E+00  2.93107250E+01  4.97659395E-01             NAN             NAN             NAN             NAN             NAN             NAN  1.12802457E+01  1.06687375E-01  1.52116708E+02  2.69128913E+00  3.98957080E-03  3.77329403E-05
 -7.20000000E+01  2.44744795E+01  1.11649452E-01 -1.47823973E+02  5.22868458E-01 -1.46311095E+02  5.10083388E-01 -1.51313939E+00  1.45197812E-02 -1.23349494E+02  4.35179603E-01  1.09944780E+01  7.77365766E-02             NAN             NAN             NAN             NAN             NAN             NAN  1.86588850E+00  6.47805449E-03  5.93490710E+00  4.09247794E-02  6.59923062E-04  2.29114310E-06
 -7.50000000E+01  4.36441178E+00  2.64815008E-02 -2.67345217E+01  9.30338627E-02 -2.66825975E+01  9.25138057E-02 -5.18283342E-02  8.63183451E-04 -2.23701099E+01  7.70067757E-02  3.14087007E+00  2.25678806E-02             NAN             NAN             NAN             NAN             NAN             NAN  3.40146400E-01  1.17245210E-03  4.72909800E-01  2.33750715E-03  1.20302180E-04  4.14670106E-07
 -7.80000000E+01  9.31900787E-01  9.15181140E-03 -5.76608719E+00  2.43785647E-02 -5.76333166E+00  2.43509861E-02 -2.75952091E-03  7.98699183E-05 -4.83418640E+00  2.13703390E-02  8.96067997E-01  8.78936380E-03             NAN             NAN             NAN             NAN             NAN             NAN  7.34648000E-02  3.07652139E-04  7.94512000E-02  3.79001646E-04  2.59828579E-05  1.08809686E-07
