#                  N = 30.00                    
#          r [Å]            ρ(r)           Δρ(r)
  0.00000000E+00  2.50040863E-01  1.08497027E-03
  3.00000000E-02  2.48502158E-01  1.04631868E-03
  6.00000000E-02  2.46874271E-01  7.87538664E-04
  9.00000000E-02  2.42822890E-01  8.09392238E-04
  1.20000000E-01  2.38004188E-01  7.98980186E-04
  1.50000000E-01  2.32154282E-01  7.17837943E-04
  1.80000000E-01  2.25755766E-01  6.64792067E-04
  2.10000000E-01  2.18092632E-01  5.45278695E-04
  2.40000000E-01  2.09553708E-01  5.31724133E-04
  2.70000000E-01  2.00560673E-01  5.27294264E-04
  3.00000000E-01  1.90424771E-01  4.53561895E-04
  3.30000000E-01  1.80650895E-01  3.68568445E-04
  3.60000000E-01  1.70420006E-01  3.19467686E-04
  3.90000000E-01  1.59494816E-01  2.75218371E-04
  4.20000000E-01  1.48653385E-01  2.52367246E-04
  4.50000000E-01  1.37997063E-01  1.97600986E-04
  4.80000000E-01  1.27374773E-01  1.82483803E-04
  5.10000000E-01  1.17110869E-01  1.53220157E-04
  5.40000000E-01  1.06843951E-01  1.31874277E-04
  5.70000000E-01  9.70151852E-02  1.19558973E-04
  6.00000000E-01  8.75957485E-02  1.19056383E-04
  6.30000000E-01  7.87582770E-02  1.15359685E-04
  6.60000000E-01  7.04987961E-02  1.23416599E-04
  6.90000000E-01  6.25639168E-02  1.15044800E-04
  7.20000000E-01  5.52211622E-02  1.15353308E-04
  7.50000000E-01  4.85579646E-02  1.32559602E-04
  7.80000000E-01  4.24887342E-02  1.19321011E-04
  8.10000000E-01  3.68145068E-02  1.16073005E-04
  8.40000000E-01  3.17895559E-02  1.15071686E-04
  8.70000000E-01  2.73856300E-02  1.08662019E-04
  9.00000000E-01  2.33938760E-02  9.57073659E-05
  9.30000000E-01  1.98259618E-02  9.83845529E-05
  9.60000000E-01  1.67170461E-02  9.01194846E-05
  9.90000000E-01  1.40283447E-02  8.54312392E-05
  1.02000000E+00  1.17136565E-02  7.92321718E-05
  1.05000000E+00  9.65652486E-03  7.00364465E-05
  1.08000000E+00  8.00321844E-03  5.94219071E-05
  1.11000000E+00  6.57321786E-03  5.51008126E-05
  1.14000000E+00  5.37910992E-03  5.04731070E-05
  1.17000000E+00  4.36652612E-03  4.25907027E-05
  1.20000000E+00  3.52068458E-03  3.61780504E-05
  1.23000000E+00  2.81570672E-03  3.38983270E-05
  1.26000000E+00  2.24792502E-03  2.99373348E-05
  1.29000000E+00  1.79894560E-03  2.50025983E-05
  1.32000000E+00  1.40532390E-03  2.08939666E-05
  1.35000000E+00  1.11499089E-03  1.78656272E-05
  1.38000000E+00  8.68091762E-04  1.69389451E-05
  1.41000000E+00  6.86068310E-04  1.37178356E-05
  1.44000000E+00  5.36978225E-04  1.13106575E-05
  1.47000000E+00  4.24250378E-04  9.48274510E-06
  1.50000000E+00  3.36211280E-04  8.64061295E-06
  1.53000000E+00  2.74243080E-04  7.37596027E-06
  1.56000000E+00  2.30753263E-04  6.55504082E-06
  1.59000000E+00  1.93105323E-04  5.42348549E-06
  1.62000000E+00  1.70551189E-04  5.26935431E-06
  1.65000000E+00  1.71729588E-04  4.68424271E-06
  1.68000000E+00  1.77841976E-04  4.99008555E-06
  1.71000000E+00  1.88888643E-04  4.68857404E-06
  1.74000000E+00  2.14521924E-04  4.93024326E-06
  1.77000000E+00  2.48156728E-04  5.28938614E-06
  1.80000000E+00  3.04069283E-04  6.13022219E-06
  1.83000000E+00  3.62999049E-04  6.59897274E-06
  1.86000000E+00  4.46376460E-04  7.32757395E-06
  1.89000000E+00  5.49045013E-04  8.18371725E-06
  1.92000000E+00  6.78164682E-04  9.48650222E-06
  1.95000000E+00  8.32147879E-04  1.14484955E-05
  1.98000000E+00  1.02026910E-03  1.23773119E-05
  2.01000000E+00  1.25218378E-03  1.32981302E-05
  2.04000000E+00  1.52030199E-03  1.63273892E-05
  2.07000000E+00  1.86105248E-03  1.71355969E-05
  2.10000000E+00  2.24602761E-03  2.02244690E-05
  2.13000000E+00  2.74028886E-03  2.17830644E-05
  2.16000000E+00  3.25954560E-03  2.26682638E-05
  2.19000000E+00  3.89558132E-03  2.40904652E-05
  2.22000000E+00  4.65613539E-03  2.71001445E-05
  2.25000000E+00  5.50298436E-03  2.91394027E-05
  2.28000000E+00  6.49130797E-03  3.11137550E-05
  2.31000000E+00  7.64171372E-03  3.28341966E-05
  2.34000000E+00  8.94035051E-03  3.48518791E-05
  2.37000000E+00  1.04631308E-02  3.94173382E-05
  2.40000000E+00  1.21423216E-02  4.26052347E-05
  2.43000000E+00  1.40206677E-02  4.49492901E-05
  2.46000000E+00  1.61885572E-02  5.16234620E-05
  2.49000000E+00  1.85662560E-02  5.23384709E-05
  2.52000000E+00  2.11490497E-02  5.72339563E-05
  2.55000000E+00  2.40842239E-02  5.57122132E-05
  2.58000000E+00  2.72045720E-02  5.72993680E-05
  2.61000000E+00  3.07018648E-02  6.22327431E-05
  2.64000000E+00  3.44025294E-02  6.02889510E-05
  2.67000000E+00  3.83949906E-02  7.34593261E-05
  2.70000000E+00  4.26015602E-02  6.57062959E-05
  2.73000000E+00  4.71195839E-02  6.74556752E-05
  2.76000000E+00  5.18671612E-02  7.33595331E-05
  2.79000000E+00  5.67304514E-02  7.95296008E-05
  2.82000000E+00  6.17617150E-02  8.43217632E-05
  2.85000000E+00  6.68747875E-02  8.38637456E-05
  2.88000000E+00  7.20462394E-02  9.30712210E-05
  2.91000000E+00  7.71913315E-02  1.01152427E-04
  2.94000000E+00  8.21752838E-02  1.01963416E-04
  2.97000000E+00  8.70782040E-02  1.13990147E-04
  3.00000000E+00  9.16685638E-02  1.06274642E-04
  3.03000000E+00  9.59473769E-02  1.15132615E-04
  3.06000000E+00  9.97116107E-02  1.25948938E-04
  3.09000000E+00  1.02979467E-01  1.27796010E-04
  3.12000000E+00  1.05701216E-01  1.37429738E-04
  3.15000000E+00  1.07753010E-01  1.30217216E-04
  3.18000000E+00  1.08977901E-01  1.39839987E-04
  3.21000000E+00  1.09449833E-01  1.37831881E-04
  3.24000000E+00  1.09061244E-01  1.35535802E-04
  3.27000000E+00  1.07739150E-01  1.40800204E-04
  3.30000000E+00  1.05645352E-01  1.37488560E-04
  3.33000000E+00  1.02562486E-01  1.39198140E-04
  3.36000000E+00  9.87271880E-02  1.27575258E-04
  3.39000000E+00  9.41087851E-02  1.26716911E-04
  3.42000000E+00  8.88111765E-02  1.14084943E-04
  3.45000000E+00  8.29056204E-02  1.17679977E-04
  3.48000000E+00  7.65368473E-02  1.12733613E-04
  3.51000000E+00  6.98668358E-02  1.11043928E-04
  3.54000000E+00  6.28803214E-02  9.46156717E-05
  3.57000000E+00  5.59810221E-02  8.68354914E-05
  3.60000000E+00  4.91672457E-02  8.35336876E-05
  3.63000000E+00  4.24939240E-02  7.38210716E-05
  3.66000000E+00  3.62192127E-02  7.22665772E-05
  3.69000000E+00  3.03295885E-02  6.28452826E-05
  3.72000000E+00  2.49516436E-02  5.56409639E-05
  3.75000000E+00  2.01744315E-02  4.83626164E-05
  3.78000000E+00  1.59828453E-02  3.81496873E-05
  3.81000000E+00  1.24093823E-02  3.24714097E-05
  3.84000000E+00  9.41398847E-03  2.48865110E-05
  3.87000000E+00  6.97594597E-03  2.00674045E-05
  3.90000000E+00  5.03658521E-03  1.75096129E-05
  3.93000000E+00  3.53519281E-03  1.20460586E-05
  3.96000000E+00  2.40123885E-03  9.36591081E-06
  3.99000000E+00  1.58731729E-03  7.36329938E-06
  4.02000000E+00  1.00924455E-03  5.41689692E-06
  4.05000000E+00  6.20898133E-04  4.44519625E-06
  4.08000000E+00  3.63548944E-04  3.11740448E-06
  4.11000000E+00  2.04563162E-04  2.09119671E-06
  4.14000000E+00  1.10459648E-04  1.66058653E-06
  4.17000000E+00  5.64728247E-05  1.01331713E-06
  4.20000000E+00  2.63719466E-05  6.48363009E-07
  4.23000000E+00  1.30186938E-05  5.77027883E-07
  4.26000000E+00  5.13604055E-06  2.69400261E-07
  4.29000000E+00  1.72124549E-06  1.79158868E-07
  4.32000000E+00  6.14962163E-07  9.34653370E-08
  4.35000000E+00  3.01038606E-07  7.06642212E-08
  4.38000000E+00  2.91016018E-08  1.19454222E-08
  4.41000000E+00  2.36928425E-08  1.44090648E-08
  4.44000000E+00  0.00000000E+00  0.00000000E+00
  4.47000000E+00  0.00000000E+00  0.00000000E+00
  4.50000000E+00  0.00000000E+00  0.00000000E+00
  4.53000000E+00  0.00000000E+00  0.00000000E+00
  4.56000000E+00  0.00000000E+00  0.00000000E+00
  4.59000000E+00  0.00000000E+00  0.00000000E+00
  4.62000000E+00  0.00000000E+00  0.00000000E+00
  4.65000000E+00  0.00000000E+00  0.00000000E+00
  4.68000000E+00  0.00000000E+00  0.00000000E+00
  4.71000000E+00  0.00000000E+00  0.00000000E+00
  4.74000000E+00  0.00000000E+00  0.00000000E+00
  4.77000000E+00  0.00000000E+00  0.00000000E+00
  4.80000000E+00  0.00000000E+00  0.00000000E+00
  4.83000000E+00  0.00000000E+00  0.00000000E+00
  4.86000000E+00  0.00000000E+00  0.00000000E+00
  4.89000000E+00  0.00000000E+00  0.00000000E+00
  4.92000000E+00  0.00000000E+00  0.00000000E+00
  4.95000000E+00  0.00000000E+00  0.00000000E+00
  4.98000000E+00  0.00000000E+00  0.00000000E+00
  5.01000000E+00  0.00000000E+00  0.00000000E+00
  5.04000000E+00  0.00000000E+00  0.00000000E+00
  5.07000000E+00  0.00000000E+00  0.00000000E+00
  5.10000000E+00  0.00000000E+00  0.00000000E+00
  5.13000000E+00  0.00000000E+00  0.00000000E+00
  5.16000000E+00  0.00000000E+00  0.00000000E+00
  5.19000000E+00  0.00000000E+00  0.00000000E+00
  5.22000000E+00  0.00000000E+00  0.00000000E+00
  5.25000000E+00  0.00000000E+00  0.00000000E+00
  5.28000000E+00  0.00000000E+00  0.00000000E+00
  5.31000000E+00  0.00000000E+00  0.00000000E+00
  5.34000000E+00  0.00000000E+00  0.00000000E+00
  5.37000000E+00  0.00000000E+00  0.00000000E+00
  5.40000000E+00  0.00000000E+00  0.00000000E+00
  5.43000000E+00  0.00000000E+00  0.00000000E+00
  5.46000000E+00  0.00000000E+00  0.00000000E+00
  5.49000000E+00  0.00000000E+00  0.00000000E+00
  5.52000000E+00  0.00000000E+00  0.00000000E+00
  5.55000000E+00  0.00000000E+00  0.00000000E+00
  5.58000000E+00  0.00000000E+00  0.00000000E+00
  5.61000000E+00  0.00000000E+00  0.00000000E+00
  5.64000000E+00  0.00000000E+00  0.00000000E+00
  5.67000000E+00  0.00000000E+00  0.00000000E+00
  5.70000000E+00  0.00000000E+00  0.00000000E+00
  5.73000000E+00  0.00000000E+00  0.00000000E+00
  5.76000000E+00  0.00000000E+00  0.00000000E+00
  5.79000000E+00  0.00000000E+00  0.00000000E+00
  5.82000000E+00  0.00000000E+00  0.00000000E+00
  5.85000000E+00  0.00000000E+00  0.00000000E+00
  5.88000000E+00  0.00000000E+00  0.00000000E+00
  5.91000000E+00  0.00000000E+00  0.00000000E+00
  5.94000000E+00  0.00000000E+00  0.00000000E+00
  5.97000000E+00  0.00000000E+00  0.00000000E+00
